attr,theta,width_confint,width_CI,t-test,pvalue,time,method,rep,objective,nrmse,theta_true,bias,fn,fp,f_type
tt,-1.006,"[-1.584, -0.427]",0.578,-2.901,0.005,10.116,ngd,1,308721207.596,0.180,-1.000,-0.006,0,0,fn
c,-5.844,"[-9.175, -2.514]",3.331,-2.927,0.005,10.116,ngd,1,308721207.596,0.180,-6.000,0.156,0,0,fn
s,-4.102,"[-6.476, -1.728]",2.374,-2.882,0.005,10.116,ngd,1,308721207.596,0.180,-3.000,-1.102,0,0,fn
k0,-0.529,"[-1.424, 0.366]",0.895,-0.986,0.328,10.116,ngd,1,308721207.596,0.180,0.000,-0.529,0,0,fp
k1,0.503,"[-0.276, 1.282]",0.779,1.077,0.285,10.116,ngd,1,308721207.596,0.180,0.000,0.503,0,0,fp
k2,0.609,"[-0.049, 1.268]",0.658,1.543,0.128,10.116,ngd,1,308721207.596,0.180,0.000,0.609,0,0,fp
k3,-0.428,"[-1.296, 0.44]",0.868,-0.822,0.414,10.116,ngd,1,308721207.596,0.180,0.000,-0.428,0,0,fp
k4,0.330,"[-0.515, 1.175]",0.845,0.652,0.517,10.116,ngd,1,308721207.596,0.180,0.000,0.330,0,0,fp
k5,0.936,"[-0.206, 2.078]",1.142,1.367,0.176,10.116,ngd,1,308721207.596,0.180,0.000,0.936,0,0,fp
vot,0.172,,,,,10.116,ngd,1,308721207.596,0.180,0.167,0.005,0,0,fn
tt,-1.718,"[-3.516, 0.081]",1.799,-1.593,0.116,10.541,lm,1,1745621630.266,0.428,-1.000,-0.718,1,0,fn
c,-4.929,"[-10.161, 0.303]",5.232,-1.571,0.121,10.541,lm,1,1745621630.266,0.428,-6.000,1.071,1,0,fn
s,-3.957,"[-8.153, 0.239]",4.196,-1.573,0.120,10.541,lm,1,1745621630.266,0.428,-3.000,-0.957,1,0,fn
k0,0.247,"[-1.057, 1.552]",1.305,0.316,0.753,10.541,lm,1,1745621630.266,0.428,0.000,0.247,0,0,fp
k1,1.548,"[-0.722, 3.818]",2.270,1.137,0.260,10.541,lm,1,1745621630.266,0.428,0.000,1.548,0,0,fp
k2,1.788,"[-0.229, 3.804]",2.017,1.479,0.144,10.541,lm,1,1745621630.266,0.428,0.000,1.788,0,0,fp
k3,0.101,"[-1.507, 1.708]",1.607,0.105,0.917,10.541,lm,1,1745621630.266,0.428,0.000,0.101,0,0,fp
k4,1.220,"[-0.738, 3.178]",1.958,1.039,0.302,10.541,lm,1,1745621630.266,0.428,0.000,1.220,0,0,fp
k5,1.622,"[-0.38, 3.624]",2.002,1.351,0.181,10.541,lm,1,1745621630.266,0.428,0.000,1.622,0,0,fp
vot,0.348,,,,,10.541,lm,1,1745621630.266,0.428,0.167,0.182,0,0,fn
tt,-1.180,"[-1.575, -0.785]",0.395,-4.980,0.000,20.471,ngd+lm,1,131199783.257,0.117,-1.000,-0.180,0,0,fn
c,-7.517,"[-9.984, -5.05]",2.467,-5.083,0.000,20.471,ngd+lm,1,131199783.257,0.117,-6.000,-1.517,0,0,fn
s,-3.652,"[-4.966, -2.339]",1.314,-4.638,0.000,20.471,ngd+lm,1,131199783.257,0.117,-3.000,-0.652,0,0,fn
k0,0.179,"[-0.462, 0.821]",0.641,0.467,0.642,20.471,ngd+lm,1,131199783.257,0.117,0.000,0.179,0,0,fp
k1,-0.624,"[-1.185, -0.062]",0.562,-1.851,0.069,20.471,ngd+lm,1,131199783.257,0.117,0.000,-0.624,0,1,fp
k2,0.206,"[-0.419, 0.831]",0.625,0.549,0.585,20.471,ngd+lm,1,131199783.257,0.117,0.000,0.206,0,0,fp
k3,-0.316,"[-1.107, 0.474]",0.790,-0.667,0.507,20.471,ngd+lm,1,131199783.257,0.117,0.000,-0.316,0,0,fp
k4,0.134,"[-0.859, 1.128]",0.994,0.226,0.822,20.471,ngd+lm,1,131199783.257,0.117,0.000,0.134,0,0,fp
k5,-0.623,"[-1.29, 0.045]",0.667,-1.556,0.124,20.471,ngd+lm,1,131199783.257,0.117,0.000,-0.623,0,0,fp
vot,0.157,,,,,20.471,ngd+lm,1,131199783.257,0.117,0.167,-0.010,0,0,fn
tt,-1.513,"[-2.254, -0.772]",0.741,-3.406,0.001,10.108,ngd,2,355064465.691,0.187,-1.000,-0.513,0,0,fn
c,-7.067,"[-10.608, -3.526]",3.541,-3.329,0.001,10.108,ngd,2,355064465.691,0.187,-6.000,-1.067,0,0,fn
s,-3.485,"[-5.496, -1.475]",2.011,-2.891,0.005,10.108,ngd,2,355064465.691,0.187,-3.000,-0.485,0,0,fn
k0,0.684,"[-0.448, 1.816]",1.132,1.008,0.317,10.108,ngd,2,355064465.691,0.187,0.000,0.684,0,0,fp
k1,-0.689,"[-1.639, 0.261]",0.950,-1.209,0.231,10.108,ngd,2,355064465.691,0.187,0.000,-0.689,0,0,fp
k2,0.549,"[-0.187, 1.284]",0.736,1.244,0.218,10.108,ngd,2,355064465.691,0.187,0.000,0.549,0,0,fp
k3,0.447,"[-0.969, 1.862]",1.416,0.526,0.600,10.108,ngd,2,355064465.691,0.187,0.000,0.447,0,0,fp
k4,-0.452,"[-1.931, 1.027]",1.479,-0.510,0.612,10.108,ngd,2,355064465.691,0.187,0.000,-0.452,0,0,fp
k5,0.046,"[-0.611, 0.703]",0.657,0.116,0.908,10.108,ngd,2,355064465.691,0.187,0.000,0.046,0,0,fp
vot,0.214,,,,,10.108,ngd,2,355064465.691,0.187,0.167,0.047,0,0,fn
tt,0.021,"[-0.489, 0.531]",0.510,0.069,0.945,10.428,lm,2,3387002880.845,0.579,-1.000,1.021,1,0,fn
c,-6.870,"[-15.01, 1.269]",8.139,-1.408,0.164,10.428,lm,2,3387002880.845,0.579,-6.000,-0.870,1,0,fn
s,-2.993,"[-6.981, 0.995]",3.988,-1.252,0.215,10.428,lm,2,3387002880.845,0.579,-3.000,0.007,1,0,fn
k0,1.630,"[-2.032, 5.291]",3.661,0.742,0.460,10.428,lm,2,3387002880.845,0.579,0.000,1.630,0,0,fp
k1,-1.355,"[-3.705, 0.994]",2.350,-0.962,0.339,10.428,lm,2,3387002880.845,0.579,0.000,-1.355,0,0,fp
k2,1.869,"[-0.579, 4.318]",2.449,1.273,0.207,10.428,lm,2,3387002880.845,0.579,0.000,1.869,0,0,fp
k3,1.131,"[-1.788, 4.051]",2.919,0.646,0.520,10.428,lm,2,3387002880.845,0.579,0.000,1.131,0,0,fp
k4,-0.067,"[-2.055, 1.921]",1.988,-0.056,0.956,10.428,lm,2,3387002880.845,0.579,0.000,-0.067,0,0,fp
k5,0.612,"[-0.959, 2.184]",1.571,0.650,0.518,10.428,lm,2,3387002880.845,0.579,0.000,0.612,0,0,fp
vot,-0.003,,,,,10.428,lm,2,3387002880.845,0.579,0.167,-0.170,0,0,fn
tt,-1.535,"[-2.311, -0.758]",0.777,-3.295,0.002,20.899,ngd+lm,2,271018685.989,0.164,-1.000,-0.535,0,0,fn
c,-7.603,"[-11.346, -3.859]",3.743,-3.387,0.001,20.899,ngd+lm,2,271018685.989,0.164,-6.000,-1.603,0,0,fn
s,-4.454,"[-6.766, -2.142]",2.312,-3.214,0.002,20.899,ngd+lm,2,271018685.989,0.164,-3.000,-1.454,0,0,fn
k0,-0.110,"[-1.184, 0.963]",1.073,-0.171,0.864,20.899,ngd+lm,2,271018685.989,0.164,0.000,-0.110,0,0,fp
k1,-0.227,"[-1.073, 0.618]",0.846,-0.448,0.655,20.899,ngd+lm,2,271018685.989,0.164,0.000,-0.227,0,0,fp
k2,-0.026,"[-0.698, 0.646]",0.672,-0.064,0.949,20.899,ngd+lm,2,271018685.989,0.164,0.000,-0.026,0,0,fp
k3,0.884,"[-0.616, 2.384]",1.500,0.983,0.329,20.899,ngd+lm,2,271018685.989,0.164,0.000,0.884,0,0,fp
k4,-0.586,"[-2.009, 0.837]",1.423,-0.687,0.494,20.899,ngd+lm,2,271018685.989,0.164,0.000,-0.586,0,0,fp
k5,0.341,"[-0.351, 1.034]",0.693,0.822,0.414,20.899,ngd+lm,2,271018685.989,0.164,0.000,0.341,0,0,fp
vot,0.202,,,,,20.899,ngd+lm,2,271018685.989,0.164,0.167,0.035,0,0,fn
tt,-0.972,"[-1.448, -0.497]",0.476,-3.410,0.001,10.034,ngd,3,445496367.810,0.216,-1.000,0.028,0,0,fn
c,-5.486,"[-8.286, -2.685]",2.800,-3.267,0.002,10.034,ngd,3,445496367.810,0.216,-6.000,0.514,0,0,fn
s,-3.372,"[-5.139, -1.605]",1.767,-3.183,0.002,10.034,ngd,3,445496367.810,0.216,-3.000,-0.372,0,0,fn
k0,-1.326,"[-2.244, -0.409]",0.917,-2.411,0.019,10.034,ngd,3,445496367.810,0.216,0.000,-1.326,0,1,fp
k1,1.307,"[0.112, 2.502]",1.195,1.825,0.072,10.034,ngd,3,445496367.810,0.216,0.000,1.307,0,1,fp
k2,-0.824,"[-1.842, 0.194]",1.018,-1.350,0.181,10.034,ngd,3,445496367.810,0.216,0.000,-0.824,0,0,fp
k3,-0.091,"[-0.856, 0.673]",0.764,-0.200,0.842,10.034,ngd,3,445496367.810,0.216,0.000,-0.091,0,0,fp
k4,1.047,"[0.222, 1.873]",0.826,2.116,0.038,10.034,ngd,3,445496367.810,0.216,0.000,1.047,0,1,fp
k5,-1.317,"[-2.269, -0.365]",0.952,-2.308,0.024,10.034,ngd,3,445496367.810,0.216,0.000,-1.317,0,1,fp
vot,0.177,,,,,10.034,ngd,3,445496367.810,0.216,0.167,0.011,0,0,fn
tt,-0.895,"[-1.129, -0.662]",0.234,-6.393,0.000,10.537,lm,3,157791238.052,0.129,-1.000,0.105,0,0,fn
c,-5.052,"[-6.479, -3.626]",1.427,-5.907,0.000,10.537,lm,3,157791238.052,0.129,-6.000,0.948,0,0,fn
s,-2.726,"[-3.487, -1.965]",0.761,-5.971,0.000,10.537,lm,3,157791238.052,0.129,-3.000,0.274,0,0,fn
k0,-0.390,"[-0.803, 0.023]",0.413,-1.577,0.120,10.537,lm,3,157791238.052,0.129,0.000,-0.390,0,0,fp
k1,0.430,"[0.098, 0.762]",0.332,2.162,0.034,10.537,lm,3,157791238.052,0.129,0.000,0.430,0,1,fp
k2,0.149,"[-0.18, 0.479]",0.329,0.756,0.452,10.537,lm,3,157791238.052,0.129,0.000,0.149,0,0,fp
k3,-0.069,"[-0.47, 0.332]",0.401,-0.287,0.775,10.537,lm,3,157791238.052,0.129,0.000,-0.069,0,0,fp
k4,-0.021,"[-0.356, 0.315]",0.335,-0.102,0.919,10.537,lm,3,157791238.052,0.129,0.000,-0.021,0,0,fp
k5,-0.495,"[-0.867, -0.122]",0.372,-2.217,0.030,10.537,lm,3,157791238.052,0.129,0.000,-0.495,0,1,fp
vot,0.177,,,,,10.537,lm,3,157791238.052,0.129,0.167,0.011,0,0,fn
tt,-0.895,"[-1.129, -0.662]",0.234,-6.394,0.000,20.510,ngd+lm,3,157791204.992,0.129,-1.000,0.105,0,0,fn
c,-5.051,"[-6.477, -3.625]",1.426,-5.908,0.000,20.510,ngd+lm,3,157791204.992,0.129,-6.000,0.949,0,0,fn
s,-2.725,"[-3.486, -1.964]",0.761,-5.972,0.000,20.510,ngd+lm,3,157791204.992,0.129,-3.000,0.275,0,0,fn
k0,-0.390,"[-0.803, 0.022]",0.413,-1.577,0.119,20.510,ngd+lm,3,157791204.992,0.129,0.000,-0.390,0,0,fp
k1,0.430,"[0.098, 0.762]",0.332,2.162,0.034,20.510,ngd+lm,3,157791204.992,0.129,0.000,0.430,0,1,fp
k2,0.149,"[-0.18, 0.479]",0.329,0.756,0.452,20.510,ngd+lm,3,157791204.992,0.129,0.000,0.149,0,0,fp
k3,-0.069,"[-0.47, 0.332]",0.401,-0.286,0.776,20.510,ngd+lm,3,157791204.992,0.129,0.000,-0.069,0,0,fp
k4,-0.020,"[-0.355, 0.315]",0.335,-0.102,0.919,20.510,ngd+lm,3,157791204.992,0.129,0.000,-0.020,0,0,fp
k5,-0.495,"[-0.867, -0.123]",0.372,-2.218,0.030,20.510,ngd+lm,3,157791204.992,0.129,0.000,-0.495,0,1,fp
vot,0.177,,,,,20.510,ngd+lm,3,157791204.992,0.129,0.167,0.011,0,0,fn
tt,-0.782,"[-1.337, -0.228]",0.554,-2.354,0.022,9.865,ngd,4,387106341.728,0.200,-1.000,0.218,0,0,fn
c,-5.183,"[-8.786, -1.579]",3.603,-2.399,0.019,9.865,ngd,4,387106341.728,0.200,-6.000,0.817,0,0,fn
s,-2.243,"[-3.734, -0.752]",1.491,-2.509,0.015,9.865,ngd,4,387106341.728,0.200,-3.000,0.757,0,0,fn
k0,-0.737,"[-1.604, 0.129]",0.867,-1.419,0.161,9.865,ngd,4,387106341.728,0.200,0.000,-0.737,0,0,fp
k1,-1.262,"[-2.773, 0.25]",1.511,-1.392,0.168,9.865,ngd,4,387106341.728,0.200,0.000,-1.262,0,0,fp
k2,1.259,"[0.144, 2.374]",1.115,1.883,0.064,9.865,ngd,4,387106341.728,0.200,0.000,1.259,0,1,fp
k3,0.495,"[-0.281, 1.272]",0.776,1.065,0.291,9.865,ngd,4,387106341.728,0.200,0.000,0.495,0,0,fp
k4,-1.586,"[-2.917, -0.255]",1.331,-1.987,0.051,9.865,ngd,4,387106341.728,0.200,0.000,-1.586,0,1,fp
k5,-0.265,"[-0.828, 0.298]",0.563,-0.784,0.436,9.865,ngd,4,387106341.728,0.200,0.000,-0.265,0,0,fp
vot,0.151,,,,,9.865,ngd,4,387106341.728,0.200,0.167,-0.016,0,0,fn
tt,-2.593,"[-7.84, 2.654]",5.247,-0.824,0.413,10.709,lm,4,2266268440.580,0.483,-1.000,-1.593,1,0,fn
c,-4.493,"[-14.257, 5.272]",9.765,-0.767,0.446,10.709,lm,4,2266268440.580,0.483,-6.000,1.507,1,0,fn
s,-1.385,"[-5.442, 2.671]",4.056,-0.570,0.571,10.709,lm,4,2266268440.580,0.483,-3.000,1.615,1,0,fn
k0,-0.964,"[-3.76, 1.833]",2.797,-0.575,0.567,10.709,lm,4,2266268440.580,0.483,0.000,-0.964,0,0,fp
k1,-1.155,"[-5.745, 3.434]",4.589,-0.420,0.676,10.709,lm,4,2266268440.580,0.483,0.000,-1.155,0,0,fp
k2,1.797,"[-2.517, 6.111]",4.314,0.695,0.490,10.709,lm,4,2266268440.580,0.483,0.000,1.797,0,0,fp
k3,0.895,"[-2.776, 4.566]",3.671,0.407,0.685,10.709,lm,4,2266268440.580,0.483,0.000,0.895,0,0,fp
k4,-1.828,"[-5.474, 1.817]",3.645,-0.837,0.406,10.709,lm,4,2266268440.580,0.483,0.000,-1.828,0,0,fp
k5,0.118,"[-2.171, 2.407]",2.289,0.086,0.932,10.709,lm,4,2266268440.580,0.483,0.000,0.118,0,0,fp
vot,0.577,,,,,10.709,lm,4,2266268440.580,0.483,0.167,0.411,0,0,fn
tt,-0.888,"[-1.191, -0.585]",0.303,-4.887,0.000,20.197,ngd+lm,4,143728666.517,0.122,-1.000,0.112,0,0,fn
c,-4.943,"[-6.505, -3.38]",1.563,-5.275,0.000,20.197,ngd+lm,4,143728666.517,0.122,-6.000,1.057,0,0,fn
s,-2.497,"[-3.267, -1.728]",0.770,-5.412,0.000,20.197,ngd+lm,4,143728666.517,0.122,-3.000,0.503,0,0,fn
k0,0.197,"[-0.272, 0.667]",0.469,0.702,0.485,20.197,ngd+lm,4,143728666.517,0.122,0.000,0.197,0,0,fp
k1,1.225,"[0.385, 2.064]",0.839,2.433,0.018,20.197,ngd+lm,4,143728666.517,0.122,0.000,1.225,0,1,fp
k2,-0.689,"[-1.308, -0.071]",0.618,-1.859,0.067,20.197,ngd+lm,4,143728666.517,0.122,0.000,-0.689,0,1,fp
k3,-0.576,"[-1.097, -0.055]",0.521,-1.845,0.069,20.197,ngd+lm,4,143728666.517,0.122,0.000,-0.576,0,1,fp
k4,-0.190,"[-0.588, 0.208]",0.398,-0.796,0.429,20.197,ngd+lm,4,143728666.517,0.122,0.000,-0.190,0,0,fp
k5,0.308,"[-0.019, 0.634]",0.326,1.572,0.121,20.197,ngd+lm,4,143728666.517,0.122,0.000,0.308,0,0,fp
vot,0.180,,,,,20.197,ngd+lm,4,143728666.517,0.122,0.167,0.013,0,0,fn
tt,-0.817,"[-1.39, -0.244]",0.573,-2.379,0.020,9.986,ngd,5,411319510.987,0.205,-1.000,0.183,0,0,fn
c,-6.625,"[-11.126, -2.124]",4.501,-2.455,0.017,9.986,ngd,5,411319510.987,0.205,-6.000,-0.625,0,0,fn
s,-2.666,"[-4.48, -0.852]",1.814,-2.451,0.017,9.986,ngd,5,411319510.987,0.205,-3.000,0.334,0,0,fn
k0,-0.607,"[-1.963, 0.748]",1.356,-0.747,0.457,9.986,ngd,5,411319510.987,0.205,0.000,-0.607,0,0,fp
k1,-1.423,"[-2.87, 0.025]",1.447,-1.640,0.106,9.986,ngd,5,411319510.987,0.205,0.000,-1.423,0,0,fp
k2,-1.416,"[-2.879, 0.048]",1.464,-1.613,0.111,9.986,ngd,5,411319510.987,0.205,0.000,-1.416,0,0,fp
k3,0.928,"[-0.269, 2.125]",1.197,1.293,0.200,9.986,ngd,5,411319510.987,0.205,0.000,0.928,0,0,fp
k4,1.399,"[0.281, 2.518]",1.119,2.086,0.041,9.986,ngd,5,411319510.987,0.205,0.000,1.399,0,1,fp
k5,0.290,"[-0.744, 1.324]",1.034,0.467,0.642,9.986,ngd,5,411319510.987,0.205,0.000,0.290,0,0,fp
vot,0.123,,,,,9.986,ngd,5,411319510.987,0.205,0.167,-0.043,0,0,fn
tt,0.920,"[-0.892, 2.731]",1.811,0.847,0.400,10.728,lm,5,5436689684.632,0.744,-1.000,1.920,1,0,fn
c,-6.236,"[-17.41, 4.937]",11.173,-0.931,0.355,10.728,lm,5,5436689684.632,0.744,-6.000,-0.236,1,0,fn
s,-2.289,"[-6.628, 2.05]",4.339,-0.880,0.382,10.728,lm,5,5436689684.632,0.744,-3.000,0.711,1,0,fn
k0,-0.836,"[-4.145, 2.472]",3.309,-0.422,0.675,10.728,lm,5,5436689684.632,0.744,0.000,-0.836,0,0,fp
k1,-1.326,"[-5.87, 3.217]",4.543,-0.487,0.628,10.728,lm,5,5436689684.632,0.744,0.000,-1.326,0,0,fp
k2,-1.836,"[-6.629, 2.958]",4.794,-0.639,0.525,10.728,lm,5,5436689684.632,0.744,0.000,-1.836,0,0,fp
k3,1.455,"[-2.451, 5.361]",3.906,0.621,0.537,10.728,lm,5,5436689684.632,0.744,0.000,1.455,0,0,fp
k4,1.919,"[-2.619, 6.457]",4.538,0.705,0.483,10.728,lm,5,5436689684.632,0.744,0.000,1.919,0,0,fp
k5,0.508,"[-1.902, 2.918]",2.410,0.351,0.726,10.728,lm,5,5436689684.632,0.744,0.000,0.508,0,0,fp
vot,-0.147,,,,,10.728,lm,5,5436689684.632,0.744,0.167,-0.314,0,0,fn
tt,-1.375,"[-2.106, -0.643]",0.731,-3.135,0.003,20.712,ngd+lm,5,182698767.911,0.136,-1.000,-0.375,0,0,fn
c,-9.048,"[-13.867, -4.228]",4.819,-3.131,0.003,20.712,ngd+lm,5,182698767.911,0.136,-6.000,-3.048,0,0,fn
s,-4.571,"[-7.09, -2.052]",2.519,-3.027,0.004,20.712,ngd+lm,5,182698767.911,0.136,-3.000,-1.571,0,0,fn
k0,-0.719,"[-1.692, 0.255]",0.974,-1.231,0.222,20.712,ngd+lm,5,182698767.911,0.136,0.000,-0.719,0,0,fp
k1,-1.397,"[-2.668, -0.127]",1.270,-1.834,0.071,20.712,ngd+lm,5,182698767.911,0.136,0.000,-1.397,0,1,fp
k2,0.345,"[-0.419, 1.11]",0.764,0.754,0.453,20.712,ngd+lm,5,182698767.911,0.136,0.000,0.345,0,0,fp
k3,0.264,"[-0.346, 0.874]",0.610,0.721,0.473,20.712,ngd+lm,5,182698767.911,0.136,0.000,0.264,0,0,fp
k4,0.036,"[-0.694, 0.766]",0.730,0.082,0.935,20.712,ngd+lm,5,182698767.911,0.136,0.000,0.036,0,0,fp
k5,0.611,"[-0.244, 1.466]",0.855,1.192,0.238,20.712,ngd+lm,5,182698767.911,0.136,0.000,0.611,0,0,fp
vot,0.152,,,,,20.712,ngd+lm,5,182698767.911,0.136,0.167,-0.015,0,0,fn
tt,-0.581,"[-0.914, -0.248]",0.333,-2.911,0.005,9.900,ngd,6,430980289.882,0.212,-1.000,0.419,0,0,fn
c,-5.070,"[-7.693, -2.446]",2.623,-3.223,0.002,9.900,ngd,6,430980289.882,0.212,-6.000,0.930,0,0,fn
s,-2.177,"[-3.454, -0.9]",1.277,-2.843,0.006,9.900,ngd,6,430980289.882,0.212,-3.000,0.823,0,0,fn
k0,-1.780,"[-3.566, 0.007]",1.787,-1.661,0.101,9.900,ngd,6,430980289.882,0.212,0.000,-1.780,0,0,fp
k1,0.493,"[-0.318, 1.303]",0.811,1.013,0.315,9.900,ngd,6,430980289.882,0.212,0.000,0.493,0,0,fp
k2,-0.987,"[-2.197, 0.223]",1.210,-1.361,0.178,9.900,ngd,6,430980289.882,0.212,0.000,-0.987,0,0,fp
k3,1.079,"[-0.01, 2.168]",1.089,1.653,0.103,9.900,ngd,6,430980289.882,0.212,0.000,1.079,0,0,fp
k4,1.263,"[0.242, 2.283]",1.020,2.064,0.043,9.900,ngd,6,430980289.882,0.212,0.000,1.263,0,1,fp
k5,-0.385,"[-1.201, 0.43]",0.815,-0.788,0.433,9.900,ngd,6,430980289.882,0.212,0.000,-0.385,0,0,fp
vot,0.115,,,,,9.900,ngd,6,430980289.882,0.212,0.167,-0.052,0,0,fn
tt,-267.019,"[-5225.183, 4691.145]",4958.164,-0.090,0.929,10.722,lm,6,2873308191.629,0.548,-1.000,-266.019,1,0,fn
c,-994.106,"[-3092.131, 1103.919]",2098.025,-0.790,0.432,10.722,lm,6,2873308191.629,0.548,-6.000,-988.106,1,0,fn
s,353.930,"[1.051, 706.809]",352.879,1.673,0.099,10.722,lm,6,2873308191.629,0.548,-3.000,356.930,0,0,fn
k0,-1207.340,"[-2711.309, 296.63]",1503.969,-1.339,0.185,10.722,lm,6,2873308191.629,0.548,0.000,-1207.340,0,0,fp
k1,559.349,"[334.063, 784.636]",225.286,4.141,0.000,10.722,lm,6,2873308191.629,0.548,0.000,559.349,0,1,fp
k2,-700.736,"[-4282.626, 2881.154]",3581.890,-0.326,0.745,10.722,lm,6,2873308191.629,0.548,0.000,-700.736,0,0,fp
k3,-1371.042,"[-4102.061, 1359.977]",2731.019,-0.837,0.405,10.722,lm,6,2873308191.629,0.548,0.000,-1371.042,0,0,fp
k4,-797.330,"[-2054.643, 459.983]",1257.313,-1.058,0.294,10.722,lm,6,2873308191.629,0.548,0.000,-797.330,0,0,fp
k5,326.425,"[-3631.488, 4284.338]",3957.913,0.138,0.891,10.722,lm,6,2873308191.629,0.548,0.000,326.425,0,0,fp
vot,0.269,,,,,10.722,lm,6,2873308191.629,0.548,0.167,0.102,0,0,fn
tt,-1.338,"[-1.98, -0.696]",0.642,-3.475,0.001,20.238,ngd+lm,6,144125754.900,0.123,-1.000,-0.338,0,0,fn
c,-8.223,"[-11.864, -4.581]",3.642,-3.766,0.000,20.238,ngd+lm,6,144125754.900,0.123,-6.000,-2.223,0,0,fn
s,-4.289,"[-6.27, -2.309]",1.981,-3.612,0.001,20.238,ngd+lm,6,144125754.900,0.123,-3.000,-1.289,0,0,fn
k0,0.495,"[-0.403, 1.393]",0.898,0.920,0.361,20.238,ngd+lm,6,144125754.900,0.123,0.000,0.495,0,0,fp
k1,-0.171,"[-0.855, 0.513]",0.684,-0.417,0.678,20.238,ngd+lm,6,144125754.900,0.123,0.000,-0.171,0,0,fp
k2,-0.677,"[-1.79, 0.435]",1.113,-1.015,0.314,20.238,ngd+lm,6,144125754.900,0.123,0.000,-0.677,0,0,fp
k3,-0.521,"[-1.491, 0.45]",0.970,-0.895,0.374,20.238,ngd+lm,6,144125754.900,0.123,0.000,-0.521,0,0,fp
k4,0.186,"[-0.254, 0.626]",0.440,0.706,0.483,20.238,ngd+lm,6,144125754.900,0.123,0.000,0.186,0,0,fp
k5,0.198,"[-0.612, 1.007]",0.810,0.407,0.685,20.238,ngd+lm,6,144125754.900,0.123,0.000,0.198,0,0,fp
vot,0.163,,,,,20.238,ngd+lm,6,144125754.900,0.123,0.167,-0.004,0,0,fn
tt,-1.411,"[-2.172, -0.65]",0.761,-3.094,0.003,10.363,ngd,7,338421328.429,0.185,-1.000,-0.411,0,0,fn
c,-6.101,"[-9.755, -2.447]",3.654,-2.785,0.007,10.363,ngd,7,338421328.429,0.185,-6.000,-0.101,0,0,fn
s,-3.946,"[-6.108, -1.783]",2.162,-3.043,0.003,10.363,ngd,7,338421328.429,0.185,-3.000,-0.946,0,0,fn
k0,-0.168,"[-0.733, 0.397]",0.565,-0.496,0.621,10.363,ngd,7,338421328.429,0.185,0.000,-0.168,0,0,fp
k1,0.093,"[-0.495, 0.682]",0.588,0.265,0.792,10.363,ngd,7,338421328.429,0.185,0.000,0.093,0,0,fp
k2,-1.016,"[-2.378, 0.346]",1.362,-1.244,0.218,10.363,ngd,7,338421328.429,0.185,0.000,-1.016,0,0,fp
k3,-0.684,"[-1.808, 0.44]",1.124,-1.014,0.314,10.363,ngd,7,338421328.429,0.185,0.000,-0.684,0,0,fp
k4,-1.121,"[-2.034, -0.209]",0.913,-2.049,0.044,10.363,ngd,7,338421328.429,0.185,0.000,-1.121,0,1,fp
k5,1.123,"[-0.462, 2.708]",1.585,1.182,0.241,10.363,ngd,7,338421328.429,0.185,0.000,1.123,0,0,fp
vot,0.231,,,,,10.363,ngd,7,338421328.429,0.185,0.167,0.065,0,0,fn
tt,-2.193,"[-4.547, 0.161]",2.354,-1.554,0.125,10.544,lm,7,1186940515.964,0.347,-1.000,-1.193,1,0,fn
c,-5.589,"[-12.394, 1.216]",6.805,-1.370,0.175,10.544,lm,7,1186940515.964,0.347,-6.000,0.411,1,0,fn
s,-4.012,"[-8.478, 0.454]",4.466,-1.498,0.139,10.544,lm,7,1186940515.964,0.347,-3.000,-1.012,1,0,fn
k0,0.245,"[-1.232, 1.722]",1.477,0.277,0.783,10.544,lm,7,1186940515.964,0.347,0.000,0.245,0,0,fp
k1,0.079,"[-1.086, 1.243]",1.165,0.113,0.911,10.544,lm,7,1186940515.964,0.347,0.000,0.079,0,0,fp
k2,-0.887,"[-3.005, 1.231]",2.118,-0.699,0.487,10.544,lm,7,1186940515.964,0.347,0.000,-0.887,0,0,fp
k3,-0.602,"[-2.431, 1.227]",1.829,-0.549,0.585,10.544,lm,7,1186940515.964,0.347,0.000,-0.602,0,0,fp
k4,-1.204,"[-3.914, 1.507]",2.711,-0.741,0.462,10.544,lm,7,1186940515.964,0.347,0.000,-1.204,0,0,fp
k5,1.720,"[-1.525, 4.965]",3.245,0.884,0.380,10.544,lm,7,1186940515.964,0.347,0.000,1.720,0,0,fp
vot,0.392,,,,,10.544,lm,7,1186940515.964,0.347,0.167,0.226,0,0,fn
tt,-1.101,"[-1.476, -0.726]",0.375,-4.894,0.000,20.971,ngd+lm,7,167406421.221,0.130,-1.000,-0.101,0,0,fn
c,-6.123,"[-8.136, -4.109]",2.014,-5.071,0.000,20.971,ngd+lm,7,167406421.221,0.130,-6.000,-0.123,0,0,fn
s,-3.402,"[-4.485, -2.32]",1.082,-5.243,0.000,20.971,ngd+lm,7,167406421.221,0.130,-3.000,-0.402,0,0,fn
k0,0.156,"[-0.213, 0.524]",0.368,0.705,0.483,20.971,ngd+lm,7,167406421.221,0.130,0.000,0.156,0,0,fp
k1,-0.025,"[-0.408, 0.359]",0.383,-0.108,0.915,20.971,ngd+lm,7,167406421.221,0.130,0.000,-0.025,0,0,fp
k2,0.037,"[-0.662, 0.736]",0.699,0.088,0.930,20.971,ngd+lm,7,167406421.221,0.130,0.000,0.037,0,0,fp
k3,-0.015,"[-0.536, 0.506]",0.521,-0.048,0.962,20.971,ngd+lm,7,167406421.221,0.130,0.000,-0.015,0,0,fp
k4,-0.115,"[-0.576, 0.346]",0.461,-0.417,0.678,20.971,ngd+lm,7,167406421.221,0.130,0.000,-0.115,0,0,fp
k5,-0.345,"[-1.14, 0.451]",0.795,-0.722,0.473,20.971,ngd+lm,7,167406421.221,0.130,0.000,-0.345,0,0,fp
vot,0.180,,,,,20.971,ngd+lm,7,167406421.221,0.130,0.167,0.013,0,0,fn
tt,-0.624,"[-1.01, -0.239]",0.385,-2.704,0.009,10.200,ngd,8,449895336.719,0.216,-1.000,0.376,0,0,fn
c,-4.682,"[-7.375, -1.99]",2.692,-2.901,0.005,10.200,ngd,8,449895336.719,0.216,-6.000,1.318,0,0,fn
s,-2.199,"[-3.526, -0.872]",1.327,-2.764,0.007,10.200,ngd,8,449895336.719,0.216,-3.000,0.801,0,0,fn
k0,-0.657,"[-1.372, 0.058]",0.715,-1.533,0.130,10.200,ngd,8,449895336.719,0.216,0.000,-0.657,0,0,fp
k1,0.096,"[-0.59, 0.783]",0.686,0.234,0.816,10.200,ngd,8,449895336.719,0.216,0.000,0.096,0,0,fp
k2,-0.530,"[-1.311, 0.252]",0.782,-1.130,0.263,10.200,ngd,8,449895336.719,0.216,0.000,-0.530,0,0,fp
k3,-0.270,"[-1.006, 0.466]",0.736,-0.613,0.542,10.200,ngd,8,449895336.719,0.216,0.000,-0.270,0,0,fp
k4,0.504,"[-0.345, 1.354]",0.850,0.990,0.326,10.200,ngd,8,449895336.719,0.216,0.000,0.504,0,0,fp
k5,0.060,"[-0.561, 0.682]",0.622,0.162,0.872,10.200,ngd,8,449895336.719,0.216,0.000,0.060,0,0,fp
vot,0.133,,,,,10.200,ngd,8,449895336.719,0.216,0.167,-0.033,0,0,fn
tt,-1.381,"[-2.006, -0.756]",0.625,-3.686,0.000,10.460,lm,8,166178258.859,0.131,-1.000,-0.381,0,0,fn
c,-8.097,"[-11.801, -4.394]",3.704,-3.646,0.001,10.460,lm,8,166178258.859,0.131,-6.000,-2.097,0,0,fn
s,-3.987,"[-5.696, -2.278]",1.709,-3.891,0.000,10.460,lm,8,166178258.859,0.131,-3.000,-0.987,0,0,fn
k0,0.895,"[0.121, 1.669]",0.774,1.928,0.058,10.460,lm,8,166178258.859,0.131,0.000,0.895,0,1,fp
k1,0.221,"[-0.357, 0.798]",0.578,0.637,0.526,10.460,lm,8,166178258.859,0.131,0.000,0.221,0,0,fp
k2,-0.513,"[-1.232, 0.205]",0.719,-1.191,0.238,10.460,lm,8,166178258.859,0.131,0.000,-0.513,0,0,fp
k3,0.529,"[-0.1, 1.159]",0.630,1.403,0.165,10.460,lm,8,166178258.859,0.131,0.000,0.529,0,0,fp
k4,0.039,"[-0.821, 0.9]",0.860,0.077,0.939,10.460,lm,8,166178258.859,0.131,0.000,0.039,0,0,fp
k5,-0.342,"[-0.861, 0.178]",0.519,-1.097,0.277,10.460,lm,8,166178258.859,0.131,0.000,-0.342,0,0,fp
vot,0.171,,,,,10.460,lm,8,166178258.859,0.131,0.167,0.004,0,0,fn
tt,-1.385,"[-2.013, -0.757]",0.628,-3.678,0.000,20.556,ngd+lm,8,166177587.213,0.131,-1.000,-0.385,0,0,fn
c,-8.120,"[-11.842, -4.398]",3.722,-3.639,0.001,20.556,ngd+lm,8,166177587.213,0.131,-6.000,-2.120,0,0,fn
s,-3.997,"[-5.713, -2.28]",1.717,-3.884,0.000,20.556,ngd+lm,8,166177587.213,0.131,-3.000,-0.997,0,0,fn
k0,0.898,"[0.121, 1.676]",0.778,1.927,0.058,20.556,ngd+lm,8,166177587.213,0.131,0.000,0.898,0,1,fp
k1,0.221,"[-0.358, 0.8]",0.579,0.637,0.526,20.556,ngd+lm,8,166177587.213,0.131,0.000,0.221,0,0,fp
k2,-0.517,"[-1.238, 0.204]",0.721,-1.196,0.236,20.556,ngd+lm,8,166177587.213,0.131,0.000,-0.517,0,0,fp
k3,0.530,"[-0.101, 1.161]",0.631,1.401,0.166,20.556,ngd+lm,8,166177587.213,0.131,0.000,0.530,0,0,fp
k4,0.042,"[-0.821, 0.904]",0.863,0.080,0.936,20.556,ngd+lm,8,166177587.213,0.131,0.000,0.042,0,0,fp
k5,-0.343,"[-0.863, 0.177]",0.520,-1.100,0.275,20.556,ngd+lm,8,166177587.213,0.131,0.000,-0.343,0,0,fp
vot,0.171,,,,,20.556,ngd+lm,8,166177587.213,0.131,0.167,0.004,0,0,fn
tt,-1.426,"[-2.109, -0.743]",0.683,-3.484,0.001,10.268,ngd,9,262506640.336,0.164,-1.000,-0.426,0,0,fn
c,-6.742,"[-10.203, -3.28]",3.461,-3.249,0.002,10.268,ngd,9,262506640.336,0.164,-6.000,-0.742,0,0,fn
s,-3.436,"[-5.194, -1.678]",1.758,-3.260,0.002,10.268,ngd,9,262506640.336,0.164,-3.000,-0.436,0,0,fn
k0,0.200,"[-0.403, 0.804]",0.603,0.553,0.582,10.268,ngd,9,262506640.336,0.164,0.000,0.200,0,0,fp
k1,-0.412,"[-1.448, 0.623]",1.036,-0.664,0.509,10.268,ngd,9,262506640.336,0.164,0.000,-0.412,0,0,fp
k2,-0.480,"[-1.151, 0.192]",0.672,-1.192,0.238,10.268,ngd,9,262506640.336,0.164,0.000,-0.480,0,0,fp
k3,-0.163,"[-0.898, 0.572]",0.735,-0.371,0.712,10.268,ngd,9,262506640.336,0.164,0.000,-0.163,0,0,fp
k4,0.192,"[-0.669, 1.053]",0.861,0.372,0.711,10.268,ngd,9,262506640.336,0.164,0.000,0.192,0,0,fp
k5,0.047,"[-0.552, 0.646]",0.599,0.131,0.896,10.268,ngd,9,262506640.336,0.164,0.000,0.047,0,0,fp
vot,0.212,,,,,10.268,ngd,9,262506640.336,0.164,0.167,0.045,0,0,fn
tt,-0.471,"[-1.431, 0.488]",0.960,-0.819,0.416,10.440,lm,9,1521669472.578,0.394,-1.000,0.529,1,0,fn
c,-5.656,"[-14.628, 3.317]",8.973,-1.051,0.297,10.440,lm,9,1521669472.578,0.394,-6.000,0.344,1,0,fn
s,-4.549,"[-11.436, 2.339]",6.888,-1.101,0.275,10.440,lm,9,1521669472.578,0.394,-3.000,-1.549,1,0,fn
k0,1.531,"[-1.419, 4.482]",2.950,0.866,0.390,10.440,lm,9,1521669472.578,0.394,0.000,1.531,0,0,fp
k1,-1.248,"[-4.038, 1.542]",2.790,-0.746,0.458,10.440,lm,9,1521669472.578,0.394,0.000,-1.248,0,0,fp
k2,-0.400,"[-2.676, 1.875]",2.276,-0.294,0.770,10.440,lm,9,1521669472.578,0.394,0.000,-0.400,0,0,fp
k3,-0.161,"[-1.844, 1.522]",1.683,-0.160,0.874,10.440,lm,9,1521669472.578,0.394,0.000,-0.161,0,0,fp
k4,-0.387,"[-2.991, 2.217]",2.604,-0.248,0.805,10.440,lm,9,1521669472.578,0.394,0.000,-0.387,0,0,fp
k5,1.941,"[-1.363, 5.244]",3.303,0.980,0.331,10.440,lm,9,1521669472.578,0.394,0.000,1.941,0,0,fp
vot,0.083,,,,,10.440,lm,9,1521669472.578,0.394,0.167,-0.083,0,0,fn
tt,-1.104,"[-1.542, -0.667]",0.437,-4.213,0.000,21.029,ngd+lm,9,192335845.842,0.140,-1.000,-0.104,0,0,fn
c,-6.022,"[-8.362, -3.682]",2.340,-4.292,0.000,21.029,ngd+lm,9,192335845.842,0.140,-6.000,-0.022,0,0,fn
s,-2.858,"[-3.98, -1.736]",1.122,-4.247,0.000,21.029,ngd+lm,9,192335845.842,0.140,-3.000,0.142,0,0,fn
k0,-0.400,"[-0.801, 0.0]",0.401,-1.666,0.100,21.029,ngd+lm,9,192335845.842,0.140,0.000,-0.400,0,0,fp
k1,0.331,"[-0.313, 0.975]",0.644,0.858,0.394,21.029,ngd+lm,9,192335845.842,0.140,0.000,0.331,0,0,fp
k2,-0.239,"[-0.75, 0.272]",0.511,-0.780,0.438,21.029,ngd+lm,9,192335845.842,0.140,0.000,-0.239,0,0,fp
k3,-0.276,"[-0.813, 0.26]",0.536,-0.860,0.393,21.029,ngd+lm,9,192335845.842,0.140,0.000,-0.276,0,0,fp
k4,0.230,"[-0.316, 0.776]",0.546,0.702,0.485,21.029,ngd+lm,9,192335845.842,0.140,0.000,0.230,0,0,fp
k5,0.466,"[-0.025, 0.957]",0.491,1.583,0.118,21.029,ngd+lm,9,192335845.842,0.140,0.000,0.466,0,0,fp
vot,0.183,,,,,21.029,ngd+lm,9,192335845.842,0.140,0.167,0.017,0,0,fn
tt,-0.930,"[-1.846, -0.014]",0.916,-1.694,0.095,10.121,ngd,10,352088146.875,0.196,-1.000,0.070,0,0,fn
c,-5.319,"[-10.75, 0.111]",5.430,-1.634,0.107,10.121,ngd,10,352088146.875,0.196,-6.000,0.681,1,0,fn
s,-4.189,"[-7.363, -1.015]",3.174,-2.201,0.031,10.121,ngd,10,352088146.875,0.196,-3.000,-1.189,0,0,fn
k0,-0.474,"[-1.931, 0.982]",1.457,-0.543,0.589,10.121,ngd,10,352088146.875,0.196,0.000,-0.474,0,0,fp
k1,0.012,"[-0.908, 0.932]",0.920,0.022,0.983,10.121,ngd,10,352088146.875,0.196,0.000,0.012,0,0,fp
k2,0.524,"[-1.473, 2.52]",1.996,0.438,0.663,10.121,ngd,10,352088146.875,0.196,0.000,0.524,0,0,fp
k3,0.979,"[-0.715, 2.673]",1.694,0.964,0.339,10.121,ngd,10,352088146.875,0.196,0.000,0.979,0,0,fp
k4,-1.465,"[-3.299, 0.369]",1.834,-1.333,0.187,10.121,ngd,10,352088146.875,0.196,0.000,-1.465,0,0,fp
k5,0.251,"[-1.067, 1.568]",1.318,0.317,0.752,10.121,ngd,10,352088146.875,0.196,0.000,0.251,0,0,fp
vot,0.175,,,,,10.121,ngd,10,352088146.875,0.196,0.167,0.008,0,0,fn
tt,-0.399,"[-0.846, 0.048]",0.447,-1.490,0.141,10.278,lm,10,1606147385.101,0.418,-1.000,0.601,1,0,fn
c,-4.108,"[-8.647, 0.43]",4.539,-1.510,0.136,10.278,lm,10,1606147385.101,0.418,-6.000,1.892,1,0,fn
s,-4.705,"[-9.91, 0.501]",5.205,-1.508,0.136,10.278,lm,10,1606147385.101,0.418,-3.000,-1.705,1,0,fn
k0,0.080,"[-1.519, 1.679]",1.599,0.083,0.934,10.278,lm,10,1606147385.101,0.418,0.000,0.080,0,0,fp
k1,1.009,"[-0.651, 2.67]",1.661,1.014,0.314,10.278,lm,10,1606147385.101,0.418,0.000,1.009,0,0,fp
k2,1.948,"[-0.335, 4.232]",2.283,1.423,0.159,10.278,lm,10,1606147385.101,0.418,0.000,1.948,0,0,fp
k3,1.716,"[-0.887, 4.319]",2.603,1.099,0.276,10.278,lm,10,1606147385.101,0.418,0.000,1.716,0,0,fp
k4,-1.167,"[-3.209, 0.875]",2.042,-0.953,0.344,10.278,lm,10,1606147385.101,0.418,0.000,-1.167,0,0,fp
k5,0.762,"[-1.005, 2.528]",1.766,0.719,0.475,10.278,lm,10,1606147385.101,0.418,0.000,0.762,0,0,fp
vot,0.097,,,,,10.278,lm,10,1606147385.101,0.418,0.167,-0.069,0,0,fn
tt,-1.833,"[-3.552, -0.115]",1.719,-1.779,0.080,20.778,ngd+lm,10,219622778.193,0.155,-1.000,-0.833,0,0,fn
c,-12.798,"[-25.628, 0.032]",12.830,-1.664,0.101,20.778,ngd+lm,10,219622778.193,0.155,-6.000,-6.798,1,0,fn
s,-5.609,"[-10.568, -0.65]",4.959,-1.887,0.064,20.778,ngd+lm,10,219622778.193,0.155,-3.000,-2.609,0,0,fn
k0,0.220,"[-1.345, 1.785]",1.565,0.235,0.815,20.778,ngd+lm,10,219622778.193,0.155,0.000,0.220,0,0,fp
k1,0.941,"[-1.049, 2.931]",1.990,0.789,0.433,20.778,ngd+lm,10,219622778.193,0.155,0.000,0.941,0,0,fp
k2,0.121,"[-1.593, 1.835]",1.714,0.118,0.907,20.778,ngd+lm,10,219622778.193,0.155,0.000,0.121,0,0,fp
k3,-0.153,"[-1.238, 0.932]",1.085,-0.235,0.815,20.778,ngd+lm,10,219622778.193,0.155,0.000,-0.153,0,0,fp
k4,-0.244,"[-1.775, 1.286]",1.530,-0.266,0.791,20.778,ngd+lm,10,219622778.193,0.155,0.000,-0.244,0,0,fp
k5,0.796,"[-0.818, 2.41]",1.614,0.822,0.414,20.778,ngd+lm,10,219622778.193,0.155,0.000,0.796,0,0,fp
vot,0.143,,,,,20.778,ngd+lm,10,219622778.193,0.155,0.167,-0.023,0,0,fn
tt,-0.947,"[-1.398, -0.496]",0.451,-3.503,0.001,10.330,ngd,11,257842283.373,0.166,-1.000,0.053,0,0,fn
c,-5.298,"[-7.536, -3.061]",2.237,-3.950,0.000,10.330,ngd,11,257842283.373,0.166,-6.000,0.702,0,0,fn
s,-3.625,"[-5.259, -1.991]",1.634,-3.700,0.000,10.330,ngd,11,257842283.373,0.166,-3.000,-0.625,0,0,fn
k0,-0.319,"[-1.11, 0.472]",0.791,-0.672,0.504,10.330,ngd,11,257842283.373,0.166,0.000,-0.319,0,0,fp
k1,-0.363,"[-1.16, 0.434]",0.797,-0.760,0.450,10.330,ngd,11,257842283.373,0.166,0.000,-0.363,0,0,fp
k2,0.812,"[-0.163, 1.788]",0.975,1.389,0.169,10.330,ngd,11,257842283.373,0.166,0.000,0.812,0,0,fp
k3,0.526,"[-0.135, 1.186]",0.661,1.327,0.189,10.330,ngd,11,257842283.373,0.166,0.000,0.526,0,0,fp
k4,-0.356,"[-1.018, 0.306]",0.662,-0.897,0.373,10.330,ngd,11,257842283.373,0.166,0.000,-0.356,0,0,fp
k5,-0.278,"[-0.922, 0.367]",0.645,-0.718,0.475,10.330,ngd,11,257842283.373,0.166,0.000,-0.278,0,0,fp
vot,0.179,,,,,10.330,ngd,11,257842283.373,0.166,0.167,0.012,0,0,fn
tt,-2.238,"[-4.862, 0.387]",2.625,-1.422,0.160,10.495,lm,11,864964735.063,0.304,-1.000,-1.238,1,0,fn
c,-4.700,"[-10.856, 1.455]",6.156,-1.274,0.207,10.495,lm,11,864964735.063,0.304,-6.000,1.300,1,0,fn
s,-3.631,"[-8.014, 0.752]",4.383,-1.382,0.172,10.495,lm,11,864964735.063,0.304,-3.000,-0.631,1,0,fn
k0,0.261,"[-1.228, 1.75]",1.489,0.292,0.771,10.495,lm,11,864964735.063,0.304,0.000,0.261,0,0,fp
k1,-0.373,"[-2.346, 1.601]",1.973,-0.315,0.754,10.495,lm,11,864964735.063,0.304,0.000,-0.373,0,0,fp
k2,0.761,"[-2.495, 4.017]",3.256,0.390,0.698,10.495,lm,11,864964735.063,0.304,0.000,0.761,0,0,fp
k3,1.024,"[-0.794, 2.843]",1.819,0.939,0.351,10.495,lm,11,864964735.063,0.304,0.000,1.024,0,0,fp
k4,0.273,"[-1.402, 1.948]",1.675,0.272,0.787,10.495,lm,11,864964735.063,0.304,0.000,0.273,0,0,fp
k5,-0.527,"[-2.095, 1.041]",1.568,-0.561,0.577,10.495,lm,11,864964735.063,0.304,0.000,-0.527,0,0,fp
vot,0.476,,,,,10.495,lm,11,864964735.063,0.304,0.167,0.309,0,0,fn
tt,-1.013,"[-1.412, -0.614]",0.399,-4.234,0.000,20.951,ngd+lm,11,160877483.641,0.131,-1.000,-0.013,0,0,fn
c,-6.038,"[-8.407, -3.668]",2.370,-4.250,0.000,20.951,ngd+lm,11,160877483.641,0.131,-6.000,-0.038,0,0,fn
s,-2.802,"[-3.896, -1.709]",1.093,-4.276,0.000,20.951,ngd+lm,11,160877483.641,0.131,-3.000,0.198,0,0,fn
k0,-0.456,"[-1.09, 0.178]",0.634,-1.200,0.234,20.951,ngd+lm,11,160877483.641,0.131,0.000,-0.456,0,0,fp
k1,0.096,"[-0.556, 0.749]",0.653,0.246,0.806,20.951,ngd+lm,11,160877483.641,0.131,0.000,0.096,0,0,fp
k2,0.517,"[-0.2, 1.235]",0.717,1.203,0.233,20.951,ngd+lm,11,160877483.641,0.131,0.000,0.517,0,0,fp
k3,0.549,"[0.012, 1.086]",0.537,1.706,0.093,20.951,ngd+lm,11,160877483.641,0.131,0.000,0.549,0,1,fp
k4,-0.100,"[-0.717, 0.518]",0.617,-0.269,0.789,20.951,ngd+lm,11,160877483.641,0.131,0.000,-0.100,0,0,fp
k5,0.068,"[-0.42, 0.555]",0.488,0.232,0.817,20.951,ngd+lm,11,160877483.641,0.131,0.000,0.068,0,0,fp
vot,0.168,,,,,20.951,ngd+lm,11,160877483.641,0.131,0.167,0.001,0,0,fn
tt,-0.883,"[-1.33, -0.435]",0.448,-3.291,0.002,10.230,ngd,12,255688597.567,0.163,-1.000,0.117,0,0,fn
c,-5.004,"[-7.5, -2.508]",2.496,-3.344,0.001,10.230,ngd,12,255688597.567,0.163,-6.000,0.996,0,0,fn
s,-3.679,"[-5.22, -2.139]",1.540,-3.984,0.000,10.230,ngd,12,255688597.567,0.163,-3.000,-0.679,0,0,fn
k0,0.980,"[-0.076, 2.037]",1.057,1.547,0.126,10.230,ngd,12,255688597.567,0.163,0.000,0.980,0,0,fp
k1,-1.594,"[-2.787, -0.4]",1.193,-2.227,0.029,10.230,ngd,12,255688597.567,0.163,0.000,-1.594,0,1,fp
k2,-1.641,"[-2.695, -0.586]",1.054,-2.595,0.012,10.230,ngd,12,255688597.567,0.163,0.000,-1.641,0,1,fp
k3,0.888,"[-0.176, 1.952]",1.064,1.391,0.169,10.230,ngd,12,255688597.567,0.163,0.000,0.888,0,0,fp
k4,1.404,"[0.354, 2.453]",1.050,2.230,0.029,10.230,ngd,12,255688597.567,0.163,0.000,1.404,0,1,fp
k5,-1.322,"[-2.513, -0.132]",1.191,-1.852,0.068,10.230,ngd,12,255688597.567,0.163,0.000,-1.322,0,1,fp
vot,0.176,,,,,10.230,ngd,12,255688597.567,0.163,0.167,0.010,0,0,fn
tt,-2.504,"[-5.801, 0.793]",3.297,-1.267,0.210,10.615,lm,12,1416659832.647,0.383,-1.000,-1.504,1,0,fn
c,-4.269,"[-9.88, 1.342]",5.611,-1.269,0.209,10.615,lm,12,1416659832.647,0.383,-6.000,1.731,1,0,fn
s,-3.512,"[-9.032, 2.007]",5.519,-1.061,0.292,10.615,lm,12,1416659832.647,0.383,-3.000,-0.512,1,0,fn
k0,1.109,"[-1.398, 3.616]",2.507,0.738,0.463,10.615,lm,12,1416659832.647,0.383,0.000,1.109,0,0,fp
k1,-1.842,"[-5.74, 2.056]",3.898,-0.788,0.433,10.615,lm,12,1416659832.647,0.383,0.000,-1.842,0,0,fp
k2,-1.439,"[-5.492, 2.613]",4.053,-0.592,0.556,10.615,lm,12,1416659832.647,0.383,0.000,-1.439,0,0,fp
k3,1.162,"[-2.576, 4.899]",3.738,0.518,0.606,10.615,lm,12,1416659832.647,0.383,0.000,1.162,0,0,fp
k4,1.709,"[-1.648, 5.067]",3.357,0.849,0.399,10.615,lm,12,1416659832.647,0.383,0.000,1.709,0,0,fp
k5,-1.098,"[-7.404, 5.208]",6.306,-0.290,0.772,10.615,lm,12,1416659832.647,0.383,0.000,-1.098,0,0,fp
vot,0.587,,,,,10.615,lm,12,1416659832.647,0.383,0.167,0.420,0,0,fn
tt,-1.018,"[-1.369, -0.667]",0.351,-4.840,0.000,20.632,ngd+lm,12,164031341.486,0.130,-1.000,-0.018,0,0,fn
c,-5.764,"[-7.804, -3.724]",2.040,-4.713,0.000,20.632,ngd+lm,12,164031341.486,0.130,-6.000,0.236,0,0,fn
s,-2.803,"[-3.54, -2.067]",0.737,-6.348,0.000,20.632,ngd+lm,12,164031341.486,0.130,-3.000,0.197,0,0,fn
k0,0.697,"[0.079, 1.315]",0.618,1.881,0.064,20.632,ngd+lm,12,164031341.486,0.130,0.000,0.697,0,1,fp
k1,-0.486,"[-1.063, 0.09]",0.577,-1.407,0.164,20.632,ngd+lm,12,164031341.486,0.130,0.000,-0.486,0,0,fp
k2,-1.347,"[-2.018, -0.675]",0.671,-3.346,0.001,20.632,ngd+lm,12,164031341.486,0.130,0.000,-1.347,0,1,fp
k3,1.047,"[0.324, 1.771]",0.723,2.415,0.018,20.632,ngd+lm,12,164031341.486,0.130,0.000,1.047,0,1,fp
k4,0.464,"[-0.154, 1.083]",0.619,1.252,0.215,20.632,ngd+lm,12,164031341.486,0.130,0.000,0.464,0,0,fp
k5,-0.973,"[-1.768, -0.178]",0.795,-2.042,0.045,20.632,ngd+lm,12,164031341.486,0.130,0.000,-0.973,0,1,fp
vot,0.177,,,,,20.632,ngd+lm,12,164031341.486,0.130,0.167,0.010,0,0,fn
tt,-1.412,"[-2.241, -0.583]",0.829,-2.841,0.006,10.404,ngd,13,206563539.678,0.151,-1.000,-0.412,0,0,fn
c,-7.796,"[-12.681, -2.912]",4.885,-2.662,0.010,10.404,ngd,13,206563539.678,0.151,-6.000,-1.796,0,0,fn
s,-3.211,"[-4.925, -1.496]",1.715,-3.123,0.003,10.404,ngd,13,206563539.678,0.151,-3.000,-0.211,0,0,fn
k0,0.772,"[-0.079, 1.622]",0.850,1.513,0.135,10.404,ngd,13,206563539.678,0.151,0.000,0.772,0,0,fp
k1,-0.770,"[-1.751, 0.212]",0.981,-1.308,0.195,10.404,ngd,13,206563539.678,0.151,0.000,-0.770,0,0,fp
k2,-0.194,"[-0.777, 0.389]",0.583,-0.555,0.581,10.404,ngd,13,206563539.678,0.151,0.000,-0.194,0,0,fp
k3,-0.224,"[-0.837, 0.39]",0.614,-0.607,0.546,10.404,ngd,13,206563539.678,0.151,0.000,-0.224,0,0,fp
k4,0.722,"[-0.309, 1.753]",1.031,1.168,0.247,10.404,ngd,13,206563539.678,0.151,0.000,0.722,0,0,fp
k5,-0.592,"[-1.291, 0.108]",0.700,-1.411,0.163,10.404,ngd,13,206563539.678,0.151,0.000,-0.592,0,0,fp
vot,0.181,,,,,10.404,ngd,13,206563539.678,0.151,0.167,0.014,0,0,fn
tt,-1.800,"[-3.55, -0.05]",1.750,-1.716,0.091,10.422,lm,13,664356024.361,0.271,-1.000,-0.800,0,0,fn
c,-7.109,"[-14.442, 0.223]",7.332,-1.617,0.111,10.422,lm,13,664356024.361,0.271,-6.000,-1.109,1,0,fn
s,-3.341,"[-6.708, 0.026]",3.367,-1.655,0.103,10.422,lm,13,664356024.361,0.271,-3.000,-0.341,1,0,fn
k0,1.849,"[-0.603, 4.301]",2.452,1.258,0.213,10.422,lm,13,664356024.361,0.271,0.000,1.849,0,0,fp
k1,-0.689,"[-2.075, 0.696]",1.386,-0.830,0.410,10.422,lm,13,664356024.361,0.271,0.000,-0.689,0,0,fp
k2,-1.996,"[-3.893, -0.099]",1.897,-1.755,0.084,10.422,lm,13,664356024.361,0.271,0.000,-1.996,0,1,fp
k3,-1.239,"[-3.767, 1.289]",2.528,-0.817,0.417,10.422,lm,13,664356024.361,0.271,0.000,-1.239,0,0,fp
k4,1.757,"[-1.213, 4.728]",2.971,0.987,0.327,10.422,lm,13,664356024.361,0.271,0.000,1.757,0,0,fp
k5,-0.113,"[-1.976, 1.751]",1.863,-0.101,0.920,10.422,lm,13,664356024.361,0.271,0.000,-0.113,0,0,fp
vot,0.253,,,,,10.422,lm,13,664356024.361,0.271,0.167,0.087,0,0,fn
tt,-0.917,"[-1.287, -0.546]",0.371,-4.124,0.000,20.934,ngd+lm,13,165784313.991,0.136,-1.000,0.083,0,0,fn
c,-5.040,"[-7.111, -2.969]",2.071,-4.059,0.000,20.934,ngd+lm,13,165784313.991,0.136,-6.000,0.960,0,0,fn
s,-2.499,"[-3.399, -1.599]",0.900,-4.630,0.000,20.934,ngd+lm,13,165784313.991,0.136,-3.000,0.501,0,0,fn
k0,0.207,"[-0.339, 0.753]",0.546,0.632,0.530,20.934,ngd+lm,13,165784313.991,0.136,0.000,0.207,0,0,fp
k1,-0.290,"[-0.813, 0.234]",0.523,-0.923,0.359,20.934,ngd+lm,13,165784313.991,0.136,0.000,-0.290,0,0,fp
k2,0.235,"[-0.138, 0.607]",0.373,1.050,0.297,20.934,ngd+lm,13,165784313.991,0.136,0.000,0.235,0,0,fp
k3,0.020,"[-0.388, 0.429]",0.408,0.082,0.935,20.934,ngd+lm,13,165784313.991,0.136,0.000,0.020,0,0,fp
k4,-0.003,"[-0.614, 0.608]",0.611,-0.008,0.994,20.934,ngd+lm,13,165784313.991,0.136,0.000,-0.003,0,0,fp
k5,0.017,"[-0.485, 0.52]",0.502,0.058,0.954,20.934,ngd+lm,13,165784313.991,0.136,0.000,0.017,0,0,fp
vot,0.182,,,,,20.934,ngd+lm,13,165784313.991,0.136,0.167,0.015,0,0,fn
tt,-0.682,"[-1.018, -0.347]",0.336,-3.390,0.001,11.349,ngd,14,351830095.989,0.193,-1.000,0.318,0,0,fn
c,-5.120,"[-7.473, -2.767]",2.353,-3.630,0.001,11.349,ngd,14,351830095.989,0.193,-6.000,0.880,0,0,fn
s,-1.863,"[-2.848, -0.879]",0.985,-3.156,0.002,11.349,ngd,14,351830095.989,0.193,-3.000,1.137,0,0,fn
k0,-0.533,"[-1.41, 0.345]",0.878,-1.012,0.315,11.349,ngd,14,351830095.989,0.193,0.000,-0.533,0,0,fp
k1,-0.337,"[-0.991, 0.317]",0.654,-0.860,0.393,11.349,ngd,14,351830095.989,0.193,0.000,-0.337,0,0,fp
k2,-2.033,"[-3.125, -0.941]",1.092,-3.106,0.003,11.349,ngd,14,351830095.989,0.193,0.000,-2.033,0,1,fp
k3,-0.481,"[-1.688, 0.727]",1.207,-0.664,0.509,11.349,ngd,14,351830095.989,0.193,0.000,-0.481,0,0,fp
k4,-1.178,"[-2.081, -0.274]",0.903,-2.174,0.033,11.349,ngd,14,351830095.989,0.193,0.000,-1.178,0,1,fp
k5,0.882,"[0.263, 1.5]",0.618,2.379,0.020,11.349,ngd,14,351830095.989,0.193,0.000,0.882,0,1,fp
vot,0.133,,,,,11.349,ngd,14,351830095.989,0.193,0.167,-0.033,0,0,fn
tt,-0.757,"[-0.978, -0.536]",0.221,-5.720,0.000,10.562,lm,14,158120229.182,0.129,-1.000,0.243,0,0,fn
c,-4.736,"[-6.064, -3.409]",1.327,-5.952,0.000,10.562,lm,14,158120229.182,0.129,-6.000,1.264,0,0,fn
s,-2.298,"[-3.029, -1.567]",0.731,-5.246,0.000,10.562,lm,14,158120229.182,0.129,-3.000,0.702,0,0,fn
k0,0.011,"[-0.416, 0.438]",0.427,0.043,0.966,10.562,lm,14,158120229.182,0.129,0.000,0.011,0,0,fp
k1,0.097,"[-0.255, 0.449]",0.352,0.460,0.647,10.562,lm,14,158120229.182,0.129,0.000,0.097,0,0,fp
k2,-0.125,"[-0.598, 0.349]",0.474,-0.439,0.662,10.562,lm,14,158120229.182,0.129,0.000,-0.125,0,0,fp
k3,0.047,"[-0.482, 0.577]",0.529,0.149,0.882,10.562,lm,14,158120229.182,0.129,0.000,0.047,0,0,fp
k4,0.004,"[-0.361, 0.37]",0.366,0.020,0.984,10.562,lm,14,158120229.182,0.129,0.000,0.004,0,0,fp
k5,0.128,"[-0.171, 0.427]",0.299,0.714,0.478,10.562,lm,14,158120229.182,0.129,0.000,0.128,0,0,fp
vot,0.160,,,,,10.562,lm,14,158120229.182,0.129,0.167,-0.007,0,0,fn
tt,-0.757,"[-0.978, -0.537]",0.221,-5.721,0.000,22.060,ngd+lm,14,158120217.704,0.129,-1.000,0.243,0,0,fn
c,-4.737,"[-6.065, -3.41]",1.327,-5.952,0.000,22.060,ngd+lm,14,158120217.704,0.129,-6.000,1.263,0,0,fn
s,-2.298,"[-3.029, -1.568]",0.731,-5.246,0.000,22.060,ngd+lm,14,158120217.704,0.129,-3.000,0.702,0,0,fn
k0,0.011,"[-0.416, 0.438]",0.427,0.043,0.966,22.060,ngd+lm,14,158120217.704,0.129,0.000,0.011,0,0,fp
k1,0.097,"[-0.255, 0.449]",0.352,0.461,0.647,22.060,ngd+lm,14,158120217.704,0.129,0.000,0.097,0,0,fp
k2,-0.124,"[-0.598, 0.349]",0.474,-0.438,0.663,22.060,ngd+lm,14,158120217.704,0.129,0.000,-0.124,0,0,fp
k3,0.047,"[-0.482, 0.577]",0.529,0.149,0.882,22.060,ngd+lm,14,158120217.704,0.129,0.000,0.047,0,0,fp
k4,0.005,"[-0.361, 0.371]",0.366,0.021,0.983,22.060,ngd+lm,14,158120217.704,0.129,0.000,0.005,0,0,fp
k5,0.128,"[-0.171, 0.427]",0.299,0.714,0.478,22.060,ngd+lm,14,158120217.704,0.129,0.000,0.128,0,0,fp
vot,0.160,,,,,22.060,ngd+lm,14,158120217.704,0.129,0.167,-0.007,0,0,fn
tt,-0.892,"[-1.539, -0.245]",0.647,-2.300,0.025,10.077,ngd,15,336506549.072,0.193,-1.000,0.108,0,0,fn
c,-6.278,"[-10.526, -2.031]",4.247,-2.465,0.016,10.077,ngd,15,336506549.072,0.193,-6.000,-0.278,0,0,fn
s,-3.761,"[-6.109, -1.413]",2.348,-2.672,0.009,10.077,ngd,15,336506549.072,0.193,-3.000,-0.761,0,0,fn
k0,-0.287,"[-1.262, 0.689]",0.975,-0.490,0.626,10.077,ngd,15,336506549.072,0.193,0.000,-0.287,0,0,fp
k1,-0.195,"[-1.119, 0.728]",0.923,-0.353,0.725,10.077,ngd,15,336506549.072,0.193,0.000,-0.195,0,0,fp
k2,0.827,"[-0.408, 2.062]",1.235,1.117,0.268,10.077,ngd,15,336506549.072,0.193,0.000,0.827,0,0,fp
k3,0.416,"[-0.534, 1.366]",0.950,0.731,0.467,10.077,ngd,15,336506549.072,0.193,0.000,0.416,0,0,fp
k4,-0.099,"[-0.871, 0.673]",0.772,-0.214,0.831,10.077,ngd,15,336506549.072,0.193,0.000,-0.099,0,0,fp
k5,-0.298,"[-1.346, 0.75]",1.048,-0.474,0.637,10.077,ngd,15,336506549.072,0.193,0.000,-0.298,0,0,fp
vot,0.142,,,,,10.077,ngd,15,336506549.072,0.193,0.167,-0.025,0,0,fn
tt,0.531,"[-0.658, 1.72]",1.189,0.745,0.459,10.378,lm,15,6009914394.395,0.814,-1.000,1.531,1,0,fn
c,-5.378,"[-16.025, 5.269]",10.647,-0.843,0.402,10.378,lm,15,6009914394.395,0.814,-6.000,0.622,1,0,fn
s,-4.560,"[-13.197, 4.077]",8.637,-0.881,0.382,10.378,lm,15,6009914394.395,0.814,-3.000,-1.560,1,0,fn
k0,-0.213,"[-2.664, 2.238]",2.451,-0.145,0.885,10.378,lm,15,6009914394.395,0.814,0.000,-0.213,0,0,fp
k1,0.484,"[-2.182, 3.15]",2.666,0.303,0.763,10.378,lm,15,6009914394.395,0.814,0.000,0.484,0,0,fp
k2,1.550,"[-3.176, 6.277]",4.727,0.547,0.586,10.378,lm,15,6009914394.395,0.814,0.000,1.550,0,0,fp
k3,1.375,"[-1.991, 4.741]",3.366,0.681,0.498,10.378,lm,15,6009914394.395,0.814,0.000,1.375,0,0,fp
k4,0.577,"[-2.713, 3.867]",3.290,0.293,0.771,10.378,lm,15,6009914394.395,0.814,0.000,0.577,0,0,fp
k5,-0.043,"[-3.84, 3.754]",3.797,-0.019,0.985,10.378,lm,15,6009914394.395,0.814,0.000,-0.043,0,0,fp
vot,-0.099,,,,,10.378,lm,15,6009914394.395,0.814,0.167,-0.265,0,0,fn
tt,-1.065,"[-1.422, -0.709]",0.357,-4.985,0.000,20.958,ngd+lm,15,167437569.160,0.136,-1.000,-0.065,0,0,fn
c,-6.338,"[-8.46, -4.215]",2.122,-4.980,0.000,20.958,ngd+lm,15,167437569.160,0.136,-6.000,-0.338,0,0,fn
s,-3.096,"[-4.119, -2.074]",1.022,-5.053,0.000,20.958,ngd+lm,15,167437569.160,0.136,-3.000,-0.096,0,0,fn
k0,0.524,"[-0.216, 1.263]",0.739,1.182,0.242,20.958,ngd+lm,15,167437569.160,0.136,0.000,0.524,0,0,fp
k1,-0.091,"[-0.717, 0.536]",0.626,-0.241,0.810,20.958,ngd+lm,15,167437569.160,0.136,0.000,-0.091,0,0,fp
k2,-0.043,"[-0.703, 0.617]",0.660,-0.109,0.914,20.958,ngd+lm,15,167437569.160,0.136,0.000,-0.043,0,0,fp
k3,-0.222,"[-0.791, 0.347]",0.569,-0.651,0.517,20.958,ngd+lm,15,167437569.160,0.136,0.000,-0.222,0,0,fp
k4,0.035,"[-0.526, 0.597]",0.562,0.104,0.917,20.958,ngd+lm,15,167437569.160,0.136,0.000,0.035,0,0,fp
k5,0.086,"[-0.638, 0.811]",0.724,0.198,0.843,20.958,ngd+lm,15,167437569.160,0.136,0.000,0.086,0,0,fp
vot,0.168,,,,,20.958,ngd+lm,15,167437569.160,0.136,0.167,0.001,0,0,fn
tt,-0.529,"[-0.765, -0.293]",0.236,-3.741,0.000,9.802,ngd,16,248855248.257,0.157,-1.000,0.471,0,0,fn
c,-5.417,"[-7.48, -3.354]",2.063,-4.379,0.000,9.802,ngd,16,248855248.257,0.157,-6.000,0.583,0,0,fn
s,-2.466,"[-3.536, -1.395]",1.070,-3.842,0.000,9.802,ngd,16,248855248.257,0.157,-3.000,0.534,0,0,fn
k0,-0.215,"[-0.826, 0.397]",0.612,-0.585,0.560,9.802,ngd,16,248855248.257,0.157,0.000,-0.215,0,0,fp
k1,0.146,"[-0.584, 0.876]",0.730,0.334,0.740,9.802,ngd,16,248855248.257,0.157,0.000,0.146,0,0,fp
k2,-0.878,"[-1.379, -0.376]",0.502,-2.918,0.005,9.802,ngd,16,248855248.257,0.157,0.000,-0.878,0,1,fp
k3,-0.424,"[-1.101, 0.253]",0.677,-1.045,0.300,9.802,ngd,16,248855248.257,0.157,0.000,-0.424,0,0,fp
k4,0.964,"[0.069, 1.859]",0.895,1.796,0.077,9.802,ngd,16,248855248.257,0.157,0.000,0.964,0,1,fp
k5,-0.529,"[-0.984, -0.074]",0.455,-1.940,0.057,9.802,ngd,16,248855248.257,0.157,0.000,-0.529,0,1,fp
vot,0.098,,,,,9.802,ngd,16,248855248.257,0.157,0.167,-0.069,0,0,fn
tt,0.368,"[-0.125, 0.861]",0.493,1.244,0.218,10.478,lm,16,2137552440.452,0.461,-1.000,1.368,1,0,fn
c,-5.379,"[-12.857, 2.1]",7.478,-1.200,0.235,10.478,lm,16,2137552440.452,0.461,-6.000,0.621,1,0,fn
s,-1.445,"[-3.461, 0.57]",2.016,-1.196,0.236,10.478,lm,16,2137552440.452,0.461,-3.000,1.555,1,0,fn
k0,-0.994,"[-2.989, 1.002]",1.995,-0.830,0.409,10.478,lm,16,2137552440.452,0.461,0.000,-0.994,0,0,fp
k1,0.472,"[-1.612, 2.557]",2.084,0.378,0.707,10.478,lm,16,2137552440.452,0.461,0.000,0.472,0,0,fp
k2,-1.374,"[-3.868, 1.12]",2.494,-0.919,0.362,10.478,lm,16,2137552440.452,0.461,0.000,-1.374,0,0,fp
k3,-1.053,"[-3.527, 1.421]",2.474,-0.710,0.480,10.478,lm,16,2137552440.452,0.461,0.000,-1.053,0,0,fp
k4,0.996,"[-1.377, 3.37]",2.373,0.700,0.486,10.478,lm,16,2137552440.452,0.461,0.000,0.996,0,0,fp
k5,0.344,"[-1.078, 1.767]",1.423,0.404,0.688,10.478,lm,16,2137552440.452,0.461,0.000,0.344,0,0,fp
vot,-0.068,,,,,10.478,lm,16,2137552440.452,0.461,0.167,-0.235,0,0,fn
tt,-1.084,"[-1.404, -0.765]",0.319,-5.666,0.000,20.138,ngd+lm,16,149074510.993,0.122,-1.000,-0.084,0,0,fn
c,-7.131,"[-9.113, -5.148]",1.982,-5.999,0.000,20.138,ngd+lm,16,149074510.993,0.122,-6.000,-1.131,0,0,fn
s,-3.179,"[-4.135, -2.223]",0.956,-5.546,0.000,20.138,ngd+lm,16,149074510.993,0.122,-3.000,-0.179,0,0,fn
k0,0.170,"[-0.343, 0.684]",0.513,0.554,0.581,20.138,ngd+lm,16,149074510.993,0.122,0.000,0.170,0,0,fp
k1,0.273,"[-0.348, 0.893]",0.620,0.734,0.466,20.138,ngd+lm,16,149074510.993,0.122,0.000,0.273,0,0,fp
k2,-0.296,"[-0.691, 0.099]",0.395,-1.252,0.215,20.138,ngd+lm,16,149074510.993,0.122,0.000,-0.296,0,0,fp
k3,0.154,"[-0.384, 0.693]",0.539,0.477,0.635,20.138,ngd+lm,16,149074510.993,0.122,0.000,0.154,0,0,fp
k4,0.660,"[-0.028, 1.348]",0.688,1.601,0.114,20.138,ngd+lm,16,149074510.993,0.122,0.000,0.660,0,0,fp
k5,-0.203,"[-0.591, 0.184]",0.387,-0.874,0.385,20.138,ngd+lm,16,149074510.993,0.122,0.000,-0.203,0,0,fp
vot,0.152,,,,,20.138,ngd+lm,16,149074510.993,0.122,0.167,-0.015,0,0,fn
tt,-1.097,"[-1.598, -0.596]",0.501,-3.650,0.001,9.784,ngd,17,263439964.875,0.168,-1.000,-0.097,0,0,fn
c,-6.862,"[-10.095, -3.629]",3.233,-3.540,0.001,9.784,ngd,17,263439964.875,0.168,-6.000,-0.862,0,0,fn
s,-3.236,"[-4.668, -1.805]",1.432,-3.770,0.000,9.784,ngd,17,263439964.875,0.168,-3.000,-0.236,0,0,fn
k0,-0.379,"[-1.52, 0.763]",1.142,-0.553,0.582,9.784,ngd,17,263439964.875,0.168,0.000,-0.379,0,0,fp
k1,0.591,"[-0.106, 1.289]",0.697,1.414,0.162,9.784,ngd,17,263439964.875,0.168,0.000,0.591,0,0,fp
k2,1.445,"[0.354, 2.536]",1.091,2.208,0.031,9.784,ngd,17,263439964.875,0.168,0.000,1.445,0,1,fp
k3,0.122,"[-0.586, 0.83]",0.708,0.288,0.774,9.784,ngd,17,263439964.875,0.168,0.000,0.122,0,0,fp
k4,-0.755,"[-1.61, 0.1]",0.855,-1.473,0.145,9.784,ngd,17,263439964.875,0.168,0.000,-0.755,0,0,fp
k5,-0.404,"[-1.332, 0.523]",0.927,-0.727,0.470,9.784,ngd,17,263439964.875,0.168,0.000,-0.404,0,0,fp
vot,0.160,,,,,9.784,ngd,17,263439964.875,0.168,0.167,-0.007,0,0,fn
tt,-2.902,"[-6.486, 0.682]",3.584,-1.351,0.181,10.572,lm,17,1281189802.334,0.370,-1.000,-1.902,1,0,fn
c,-6.470,"[-14.458, 1.517]",7.987,-1.351,0.181,10.572,lm,17,1281189802.334,0.370,-6.000,-0.470,1,0,fn
s,-2.558,"[-5.826, 0.71]",3.268,-1.306,0.196,10.572,lm,17,1281189802.334,0.370,-3.000,0.442,1,0,fn
k0,-0.337,"[-3.967, 3.294]",3.631,-0.155,0.877,10.572,lm,17,1281189802.334,0.370,0.000,-0.337,0,0,fp
k1,0.982,"[-1.805, 3.769]",2.787,0.587,0.559,10.572,lm,17,1281189802.334,0.370,0.000,0.982,0,0,fp
k2,1.587,"[-1.716, 4.89]",3.303,0.801,0.426,10.572,lm,17,1281189802.334,0.370,0.000,1.587,0,0,fp
k3,-0.089,"[-3.048, 2.87]",2.959,-0.050,0.960,10.572,lm,17,1281189802.334,0.370,0.000,-0.089,0,0,fp
k4,-0.506,"[-3.688, 2.675]",3.182,-0.265,0.791,10.572,lm,17,1281189802.334,0.370,0.000,-0.506,0,0,fp
k5,-0.683,"[-3.834, 2.469]",3.151,-0.361,0.719,10.572,lm,17,1281189802.334,0.370,0.000,-0.683,0,0,fp
vot,0.449,,,,,10.572,lm,17,1281189802.334,0.370,0.167,0.282,0,0,fn
tt,-0.838,"[-1.052, -0.624]",0.214,-6.531,0.000,20.101,ngd+lm,17,138198502.733,0.121,-1.000,0.162,0,0,fn
c,-4.556,"[-5.781, -3.332]",1.225,-6.206,0.000,20.101,ngd+lm,17,138198502.733,0.121,-6.000,1.444,0,0,fn
s,-2.551,"[-3.244, -1.859]",0.692,-6.147,0.000,20.101,ngd+lm,17,138198502.733,0.121,-3.000,0.449,0,0,fn
k0,0.577,"[-0.068, 1.222]",0.645,1.492,0.140,20.101,ngd+lm,17,138198502.733,0.121,0.000,0.577,0,0,fp
k1,-0.222,"[-0.626, 0.181]",0.404,-0.918,0.362,20.101,ngd+lm,17,138198502.733,0.121,0.000,-0.222,0,0,fp
k2,0.309,"[-0.223, 0.841]",0.532,0.969,0.336,20.101,ngd+lm,17,138198502.733,0.121,0.000,0.309,0,0,fp
k3,0.202,"[-0.162, 0.567]",0.364,0.927,0.357,20.101,ngd+lm,17,138198502.733,0.121,0.000,0.202,0,0,fp
k4,0.507,"[0.065, 0.948]",0.441,1.914,0.060,20.101,ngd+lm,17,138198502.733,0.121,0.000,0.507,0,1,fp
k5,0.254,"[-0.174, 0.682]",0.428,0.991,0.325,20.101,ngd+lm,17,138198502.733,0.121,0.000,0.254,0,0,fp
vot,0.184,,,,,20.101,ngd+lm,17,138198502.733,0.121,0.167,0.017,0,0,fn
tt,-0.409,"[-0.628, -0.191]",0.219,-3.119,0.003,10.006,ngd,18,351852085.118,0.192,-1.000,0.591,0,0,fn
c,-4.174,"[-6.076, -2.272]",1.902,-3.661,0.000,10.006,ngd,18,351852085.118,0.192,-6.000,1.826,0,0,fn
s,-2.437,"[-3.583, -1.291]",1.146,-3.547,0.001,10.006,ngd,18,351852085.118,0.192,-3.000,0.563,0,0,fn
k0,-0.548,"[-1.398, 0.302]",0.850,-1.076,0.286,10.006,ngd,18,351852085.118,0.192,0.000,-0.548,0,0,fp
k1,-1.099,"[-1.904, -0.295]",0.805,-2.279,0.026,10.006,ngd,18,351852085.118,0.192,0.000,-1.099,0,1,fp
k2,-0.106,"[-0.607, 0.395]",0.501,-0.353,0.726,10.006,ngd,18,351852085.118,0.192,0.000,-0.106,0,0,fp
k3,0.134,"[-0.462, 0.731]",0.596,0.376,0.708,10.006,ngd,18,351852085.118,0.192,0.000,0.134,0,0,fp
k4,0.704,"[-0.059, 1.466]",0.762,1.540,0.128,10.006,ngd,18,351852085.118,0.192,0.000,0.704,0,0,fp
k5,-0.132,"[-0.692, 0.428]",0.560,-0.394,0.695,10.006,ngd,18,351852085.118,0.192,0.000,-0.132,0,0,fp
vot,0.098,,,,,10.006,ngd,18,351852085.118,0.192,0.167,-0.069,0,0,fn
tt,0.013,"[-0.277, 0.303]",0.290,0.074,0.941,10.432,lm,18,1493468968.579,0.395,-1.000,1.013,1,0,fn
c,-4.043,"[-8.179, 0.094]",4.136,-1.630,0.108,10.432,lm,18,1493468968.579,0.395,-6.000,1.957,1,0,fn
s,-1.486,"[-3.465, 0.493]",1.979,-1.252,0.215,10.432,lm,18,1493468968.579,0.395,-3.000,1.514,1,0,fn
k0,-1.204,"[-3.49, 1.081]",2.285,-0.879,0.383,10.432,lm,18,1493468968.579,0.395,0.000,-1.204,0,0,fp
k1,-1.865,"[-4.583, 0.853]",2.718,-1.144,0.257,10.432,lm,18,1493468968.579,0.395,0.000,-1.865,0,0,fp
k2,-0.320,"[-1.665, 1.025]",1.345,-0.397,0.693,10.432,lm,18,1493468968.579,0.395,0.000,-0.320,0,0,fp
k3,-0.672,"[-2.261, 0.917]",1.589,-0.705,0.483,10.432,lm,18,1493468968.579,0.395,0.000,-0.672,0,0,fp
k4,1.394,"[-0.761, 3.55]",2.156,1.079,0.285,10.432,lm,18,1493468968.579,0.395,0.000,1.394,0,0,fp
k5,-0.721,"[-2.357, 0.915]",1.636,-0.735,0.465,10.432,lm,18,1493468968.579,0.395,0.000,-0.721,0,0,fp
vot,-0.003,,,,,10.432,lm,18,1493468968.579,0.395,0.167,-0.170,0,0,fn
tt,-0.908,"[-1.316, -0.499]",0.408,-3.707,0.000,20.256,ngd+lm,18,134953207.237,0.119,-1.000,0.092,0,0,fn
c,-5.537,"[-7.767, -3.307]",2.230,-4.141,0.000,20.256,ngd+lm,18,134953207.237,0.119,-6.000,0.463,0,0,fn
s,-2.829,"[-4.036, -1.622]",1.207,-3.910,0.000,20.256,ngd+lm,18,134953207.237,0.119,-3.000,0.171,0,0,fn
k0,-0.215,"[-0.753, 0.324]",0.539,-0.665,0.508,20.256,ngd+lm,18,134953207.237,0.119,0.000,-0.215,0,0,fp
k1,0.544,"[0.022, 1.065]",0.522,1.738,0.087,20.256,ngd+lm,18,134953207.237,0.119,0.000,0.544,0,1,fp
k2,0.024,"[-0.396, 0.444]",0.420,0.097,0.923,20.256,ngd+lm,18,134953207.237,0.119,0.000,0.024,0,0,fp
k3,-0.142,"[-0.594, 0.311]",0.452,-0.522,0.603,20.256,ngd+lm,18,134953207.237,0.119,0.000,-0.142,0,0,fp
k4,0.011,"[-0.435, 0.458]",0.447,0.043,0.966,20.256,ngd+lm,18,134953207.237,0.119,0.000,0.011,0,0,fp
k5,-0.053,"[-0.408, 0.302]",0.355,-0.249,0.804,20.256,ngd+lm,18,134953207.237,0.119,0.000,-0.053,0,0,fp
vot,0.164,,,,,20.256,ngd+lm,18,134953207.237,0.119,0.167,-0.003,0,0,fn
tt,-1.005,"[-1.636, -0.375]",0.631,-2.659,0.010,9.976,ngd,19,436579413.235,0.217,-1.000,-0.005,0,0,fn
c,-6.292,"[-9.894, -2.69]",3.602,-2.914,0.005,9.976,ngd,19,436579413.235,0.217,-6.000,-0.292,0,0,fn
s,-4.614,"[-7.638, -1.589]",3.025,-2.544,0.013,9.976,ngd,19,436579413.235,0.217,-3.000,-1.614,0,0,fn
k0,1.652,"[-0.152, 3.457]",1.804,1.527,0.131,9.976,ngd,19,436579413.235,0.217,0.000,1.652,0,0,fp
k1,0.766,"[-0.427, 1.959]",1.193,1.071,0.288,9.976,ngd,19,436579413.235,0.217,0.000,0.766,0,0,fp
k2,0.479,"[-0.409, 1.367]",0.888,0.900,0.371,9.976,ngd,19,436579413.235,0.217,0.000,0.479,0,0,fp
k3,-1.530,"[-3.199, 0.139]",1.669,-1.529,0.131,9.976,ngd,19,436579413.235,0.217,0.000,-1.530,0,0,fp
k4,0.643,"[-0.835, 2.121]",1.478,0.726,0.471,9.976,ngd,19,436579413.235,0.217,0.000,0.643,0,0,fp
k5,-0.750,"[-1.773, 0.274]",1.024,-1.221,0.226,9.976,ngd,19,436579413.235,0.217,0.000,-0.750,0,0,fp
vot,0.160,,,,,9.976,ngd,19,436579413.235,0.217,0.167,-0.007,0,0,fn
tt,-1.305,"[-1.781, -0.83]",0.475,-4.578,0.000,10.270,lm,19,195583584.530,0.145,-1.000,-0.305,0,0,fn
c,-8.263,"[-11.124, -5.402]",2.861,-4.818,0.000,10.270,lm,19,195583584.530,0.145,-6.000,-2.263,0,0,fn
s,-4.224,"[-5.731, -2.717]",1.507,-4.675,0.000,10.270,lm,19,195583584.530,0.145,-3.000,-1.224,0,0,fn
k0,1.822,"[0.324, 3.32]",1.498,2.029,0.046,10.270,lm,19,195583584.530,0.145,0.000,1.822,0,1,fp
k1,-1.338,"[-2.336, -0.34]",0.998,-2.236,0.029,10.270,lm,19,195583584.530,0.145,0.000,-1.338,0,1,fp
k2,0.227,"[-0.292, 0.746]",0.519,0.730,0.468,10.270,lm,19,195583584.530,0.145,0.000,0.227,0,0,fp
k3,0.822,"[0.124, 1.52]",0.698,1.964,0.054,10.270,lm,19,195583584.530,0.145,0.000,0.822,0,1,fp
k4,-1.059,"[-2.022, -0.097]",0.962,-1.836,0.071,10.270,lm,19,195583584.530,0.145,0.000,-1.059,0,1,fp
k5,-0.313,"[-0.88, 0.253]",0.566,-0.923,0.359,10.270,lm,19,195583584.530,0.145,0.000,-0.313,0,0,fp
vot,0.158,,,,,10.270,lm,19,195583584.530,0.145,0.167,-0.009,0,0,fn
tt,-1.305,"[-1.781, -0.83]",0.475,-4.579,0.000,20.611,ngd+lm,19,195583586.371,0.145,-1.000,-0.305,0,0,fn
c,-8.263,"[-11.123, -5.402]",2.860,-4.818,0.000,20.611,ngd+lm,19,195583586.371,0.145,-6.000,-2.263,0,0,fn
s,-4.224,"[-5.731, -2.717]",1.507,-4.675,0.000,20.611,ngd+lm,19,195583586.371,0.145,-3.000,-1.224,0,0,fn
k0,1.822,"[0.324, 3.32]",1.498,2.029,0.046,20.611,ngd+lm,19,195583586.371,0.145,0.000,1.822,0,1,fp
k1,-1.338,"[-2.335, -0.34]",0.998,-2.236,0.029,20.611,ngd+lm,19,195583586.371,0.145,0.000,-1.338,0,1,fp
k2,0.227,"[-0.292, 0.746]",0.519,0.730,0.468,20.611,ngd+lm,19,195583586.371,0.145,0.000,0.227,0,0,fp
k3,0.822,"[0.124, 1.52]",0.698,1.964,0.054,20.611,ngd+lm,19,195583586.371,0.145,0.000,0.822,0,1,fp
k4,-1.059,"[-2.022, -0.097]",0.962,-1.836,0.071,20.611,ngd+lm,19,195583586.371,0.145,0.000,-1.059,0,1,fp
k5,-0.313,"[-0.88, 0.253]",0.566,-0.923,0.359,20.611,ngd+lm,19,195583586.371,0.145,0.000,-0.313,0,0,fp
vot,0.158,,,,,20.611,ngd+lm,19,195583586.371,0.145,0.167,-0.009,0,0,fn
tt,-1.402,"[-2.218, -0.586]",0.816,-2.867,0.006,10.088,ngd,20,366157089.482,0.194,-1.000,-0.402,0,0,fn
c,-6.513,"[-10.176, -2.849]",3.663,-2.965,0.004,10.088,ngd,20,366157089.482,0.194,-6.000,-0.513,0,0,fn
s,-2.812,"[-4.571, -1.053]",1.759,-2.666,0.010,10.088,ngd,20,366157089.482,0.194,-3.000,0.188,0,0,fn
k0,-0.127,"[-1.091, 0.836]",0.963,-0.221,0.826,10.088,ngd,20,366157089.482,0.194,0.000,-0.127,0,0,fp
k1,0.985,"[-0.134, 2.104]",1.119,1.469,0.147,10.088,ngd,20,366157089.482,0.194,0.000,0.985,0,0,fp
k2,-1.134,"[-2.32, 0.052]",1.186,-1.594,0.116,10.088,ngd,20,366157089.482,0.194,0.000,-1.134,0,0,fp
k3,-1.434,"[-3.024, 0.155]",1.590,-1.505,0.137,10.088,ngd,20,366157089.482,0.194,0.000,-1.434,0,0,fp
k4,1.002,"[0.117, 1.887]",0.885,1.889,0.063,10.088,ngd,20,366157089.482,0.194,0.000,1.002,0,1,fp
k5,0.828,"[-0.166, 1.822]",0.994,1.390,0.169,10.088,ngd,20,366157089.482,0.194,0.000,0.828,0,0,fp
vot,0.215,,,,,10.088,ngd,20,366157089.482,0.194,0.167,0.049,0,0,fn
tt,-0.758,"[-0.925, -0.591]",0.167,-7.561,0.000,10.348,lm,20,112027982.027,0.107,-1.000,0.242,0,0,fn
c,-4.102,"[-4.919, -3.285]",0.817,-8.375,0.000,10.348,lm,20,112027982.027,0.107,-6.000,1.898,0,0,fn
s,-1.937,"[-2.382, -1.492]",0.445,-7.262,0.000,10.348,lm,20,112027982.027,0.107,-3.000,1.063,0,0,fn
k0,-0.428,"[-0.791, -0.066]",0.362,-1.970,0.053,10.348,lm,20,112027982.027,0.107,0.000,-0.428,0,1,fp
k1,0.130,"[-0.204, 0.465]",0.334,0.650,0.518,10.348,lm,20,112027982.027,0.107,0.000,0.130,0,0,fp
k2,-0.336,"[-0.705, 0.034]",0.369,-1.515,0.134,10.348,lm,20,112027982.027,0.107,0.000,-0.336,0,0,fp
k3,0.517,"[0.246, 0.788]",0.271,3.180,0.002,10.348,lm,20,112027982.027,0.107,0.000,0.517,0,1,fp
k4,-0.060,"[-0.306, 0.187]",0.247,-0.403,0.688,10.348,lm,20,112027982.027,0.107,0.000,-0.060,0,0,fp
k5,-0.089,"[-0.37, 0.192]",0.281,-0.528,0.599,10.348,lm,20,112027982.027,0.107,0.000,-0.089,0,0,fp
vot,0.185,,,,,10.348,lm,20,112027982.027,0.107,0.167,0.018,0,0,fn
tt,-0.758,"[-0.925, -0.591]",0.167,-7.561,0.000,20.345,ngd+lm,20,112027981.925,0.107,-1.000,0.242,0,0,fn
c,-4.102,"[-4.919, -3.285]",0.817,-8.375,0.000,20.345,ngd+lm,20,112027981.925,0.107,-6.000,1.898,0,0,fn
s,-1.937,"[-2.382, -1.492]",0.445,-7.262,0.000,20.345,ngd+lm,20,112027981.925,0.107,-3.000,1.063,0,0,fn
k0,-0.428,"[-0.791, -0.066]",0.362,-1.970,0.053,20.345,ngd+lm,20,112027981.925,0.107,0.000,-0.428,0,1,fp
k1,0.130,"[-0.204, 0.465]",0.334,0.650,0.518,20.345,ngd+lm,20,112027981.925,0.107,0.000,0.130,0,0,fp
k2,-0.336,"[-0.705, 0.034]",0.369,-1.515,0.134,20.345,ngd+lm,20,112027981.925,0.107,0.000,-0.336,0,0,fp
k3,0.517,"[0.246, 0.788]",0.271,3.180,0.002,20.345,ngd+lm,20,112027981.925,0.107,0.000,0.517,0,1,fp
k4,-0.060,"[-0.306, 0.187]",0.247,-0.403,0.688,20.345,ngd+lm,20,112027981.925,0.107,0.000,-0.060,0,0,fp
k5,-0.089,"[-0.37, 0.192]",0.281,-0.528,0.599,20.345,ngd+lm,20,112027981.925,0.107,0.000,-0.089,0,0,fp
vot,0.185,,,,,20.345,ngd+lm,20,112027981.925,0.107,0.167,0.018,0,0,fn
tt,-1.478,"[-2.478, -0.478]",1.000,-2.465,0.016,10.034,ngd,21,224752497.517,0.152,-1.000,-0.478,0,0,fn
c,-7.569,"[-12.768, -2.37]",5.199,-2.428,0.018,10.034,ngd,21,224752497.517,0.152,-6.000,-1.569,0,0,fn
s,-4.509,"[-7.82, -1.198]",3.311,-2.271,0.026,10.034,ngd,21,224752497.517,0.152,-3.000,-1.509,0,0,fn
k0,-0.588,"[-1.706, 0.53]",1.118,-0.877,0.384,10.034,ngd,21,224752497.517,0.152,0.000,-0.588,0,0,fp
k1,0.720,"[-0.347, 1.787]",1.067,1.126,0.264,10.034,ngd,21,224752497.517,0.152,0.000,0.720,0,0,fp
k2,0.008,"[-0.609, 0.626]",0.617,0.023,0.982,10.034,ngd,21,224752497.517,0.152,0.000,0.008,0,0,fp
k3,-0.421,"[-1.277, 0.435]",0.856,-0.820,0.415,10.034,ngd,21,224752497.517,0.152,0.000,-0.421,0,0,fp
k4,0.226,"[-0.96, 1.412]",1.186,0.317,0.752,10.034,ngd,21,224752497.517,0.152,0.000,0.226,0,0,fp
k5,0.677,"[-0.143, 1.497]",0.820,1.376,0.173,10.034,ngd,21,224752497.517,0.152,0.000,0.677,0,0,fp
vot,0.195,,,,,10.034,ngd,21,224752497.517,0.152,0.167,0.029,0,0,fn
tt,-0.906,"[-1.364, -0.448]",0.458,-3.298,0.002,10.295,lm,21,161791525.595,0.129,-1.000,0.094,0,0,fn
c,-5.205,"[-7.686, -2.724]",2.481,-3.500,0.001,10.295,lm,21,161791525.595,0.129,-6.000,0.795,0,0,fn
s,-2.559,"[-3.91, -1.207]",1.352,-3.157,0.002,10.295,lm,21,161791525.595,0.129,-3.000,0.441,0,0,fn
k0,-0.532,"[-1.291, 0.228]",0.759,-1.168,0.247,10.295,lm,21,161791525.595,0.129,0.000,-0.532,0,0,fp
k1,-0.075,"[-0.606, 0.455]",0.531,-0.236,0.814,10.295,lm,21,161791525.595,0.129,0.000,-0.075,0,0,fp
k2,0.103,"[-0.309, 0.515]",0.412,0.417,0.678,10.295,lm,21,161791525.595,0.129,0.000,0.103,0,0,fp
k3,0.422,"[-0.173, 1.016]",0.595,1.182,0.241,10.295,lm,21,161791525.595,0.129,0.000,0.422,0,0,fp
k4,-0.229,"[-0.87, 0.411]",0.641,-0.597,0.553,10.295,lm,21,161791525.595,0.129,0.000,-0.229,0,0,fp
k5,-0.017,"[-0.463, 0.429]",0.446,-0.063,0.950,10.295,lm,21,161791525.595,0.129,0.000,-0.017,0,0,fp
vot,0.174,,,,,10.295,lm,21,161791525.595,0.129,0.167,0.007,0,0,fn
tt,-0.907,"[-1.366, -0.448]",0.459,-3.296,0.002,20.219,ngd+lm,21,161791440.131,0.129,-1.000,0.093,0,0,fn
c,-5.211,"[-7.697, -2.725]",2.486,-3.496,0.001,20.219,ngd+lm,21,161791440.131,0.129,-6.000,0.789,0,0,fn
s,-2.562,"[-3.917, -1.207]",1.355,-3.154,0.002,20.219,ngd+lm,21,161791440.131,0.129,-3.000,0.438,0,0,fn
k0,-0.534,"[-1.295, 0.227]",0.761,-1.171,0.246,20.219,ngd+lm,21,161791440.131,0.129,0.000,-0.534,0,0,fp
k1,-0.075,"[-0.606, 0.456]",0.531,-0.235,0.815,20.219,ngd+lm,21,161791440.131,0.129,0.000,-0.075,0,0,fp
k2,0.103,"[-0.309, 0.516]",0.413,0.417,0.678,20.219,ngd+lm,21,161791440.131,0.129,0.000,0.103,0,0,fp
k3,0.421,"[-0.174, 1.016]",0.595,1.179,0.242,20.219,ngd+lm,21,161791440.131,0.129,0.000,0.421,0,0,fp
k4,-0.230,"[-0.871, 0.412]",0.641,-0.598,0.552,20.219,ngd+lm,21,161791440.131,0.129,0.000,-0.230,0,0,fp
k5,-0.017,"[-0.464, 0.43]",0.447,-0.064,0.949,20.219,ngd+lm,21,161791440.131,0.129,0.000,-0.017,0,0,fp
vot,0.174,,,,,20.219,ngd+lm,21,161791440.131,0.129,0.167,0.007,0,0,fn
tt,-1.026,"[-1.562, -0.489]",0.537,-3.187,0.002,10.067,ngd,22,217737477.125,0.155,-1.000,-0.026,0,0,fn
c,-7.249,"[-10.719, -3.778]",3.471,-3.483,0.001,10.067,ngd,22,217737477.125,0.155,-6.000,-1.249,0,0,fn
s,-3.334,"[-5.015, -1.653]",1.681,-3.308,0.002,10.067,ngd,22,217737477.125,0.155,-3.000,-0.334,0,0,fn
k0,-0.537,"[-1.055, -0.019]",0.518,-1.728,0.089,10.067,ngd,22,217737477.125,0.155,0.000,-0.537,0,1,fp
k1,0.360,"[-0.338, 1.058]",0.698,0.860,0.393,10.067,ngd,22,217737477.125,0.155,0.000,0.360,0,0,fp
k2,0.638,"[-0.16, 1.436]",0.798,1.334,0.187,10.067,ngd,22,217737477.125,0.155,0.000,0.638,0,0,fp
k3,0.873,"[-0.149, 1.895]",1.022,1.425,0.159,10.067,ngd,22,217737477.125,0.155,0.000,0.873,0,0,fp
k4,0.163,"[-0.387, 0.713]",0.550,0.494,0.623,10.067,ngd,22,217737477.125,0.155,0.000,0.163,0,0,fp
k5,0.694,"[-0.211, 1.599]",0.905,1.279,0.205,10.067,ngd,22,217737477.125,0.155,0.000,0.694,0,0,fp
vot,0.141,,,,,10.067,ngd,22,217737477.125,0.155,0.167,-0.025,0,0,fn
tt,-1.139,"[-1.55, -0.729]",0.411,-4.628,0.000,10.596,lm,22,133376030.097,0.121,-1.000,-0.139,0,0,fn
c,-6.355,"[-8.675, -4.036]",2.320,-4.570,0.000,10.596,lm,22,133376030.097,0.121,-6.000,-0.355,0,0,fn
s,-3.309,"[-4.545, -2.073]",1.236,-4.466,0.000,10.596,lm,22,133376030.097,0.121,-3.000,-0.309,0,0,fn
k0,-0.160,"[-0.48, 0.161]",0.321,-0.830,0.410,10.596,lm,22,133376030.097,0.121,0.000,-0.160,0,0,fp
k1,0.072,"[-0.391, 0.534]",0.462,0.258,0.797,10.596,lm,22,133376030.097,0.121,0.000,0.072,0,0,fp
k2,0.337,"[-0.244, 0.918]",0.581,0.967,0.337,10.596,lm,22,133376030.097,0.121,0.000,0.337,0,0,fp
k3,0.284,"[-0.393, 0.962]",0.677,0.700,0.486,10.596,lm,22,133376030.097,0.121,0.000,0.284,0,0,fp
k4,0.399,"[-0.008, 0.806]",0.407,1.634,0.107,10.596,lm,22,133376030.097,0.121,0.000,0.399,0,0,fp
k5,-0.461,"[-1.117, 0.195]",0.656,-1.172,0.245,10.596,lm,22,133376030.097,0.121,0.000,-0.461,0,0,fp
vot,0.179,,,,,10.596,lm,22,133376030.097,0.121,0.167,0.013,0,0,fn
tt,-1.140,"[-1.55, -0.729]",0.411,-4.628,0.000,20.450,ngd+lm,22,133376028.946,0.121,-1.000,-0.140,0,0,fn
c,-6.356,"[-8.676, -4.036]",2.320,-4.569,0.000,20.450,ngd+lm,22,133376028.946,0.121,-6.000,-0.356,0,0,fn
s,-3.310,"[-4.546, -2.073]",1.236,-4.466,0.000,20.450,ngd+lm,22,133376028.946,0.121,-3.000,-0.310,0,0,fn
k0,-0.160,"[-0.48, 0.161]",0.321,-0.830,0.410,20.450,ngd+lm,22,133376028.946,0.121,0.000,-0.160,0,0,fp
k1,0.072,"[-0.391, 0.534]",0.462,0.258,0.797,20.450,ngd+lm,22,133376028.946,0.121,0.000,0.072,0,0,fp
k2,0.337,"[-0.244, 0.918]",0.581,0.967,0.337,20.450,ngd+lm,22,133376028.946,0.121,0.000,0.337,0,0,fp
k3,0.284,"[-0.393, 0.962]",0.677,0.700,0.486,20.450,ngd+lm,22,133376028.946,0.121,0.000,0.284,0,0,fp
k4,0.399,"[-0.008, 0.806]",0.407,1.634,0.107,20.450,ngd+lm,22,133376028.946,0.121,0.000,0.399,0,0,fp
k5,-0.461,"[-1.117, 0.195]",0.656,-1.172,0.245,20.450,ngd+lm,22,133376028.946,0.121,0.000,-0.461,0,0,fp
vot,0.179,,,,,20.450,ngd+lm,22,133376028.946,0.121,0.167,0.013,0,0,fn
tt,-1.311,"[-2.035, -0.588]",0.723,-3.024,0.004,9.878,ngd,23,331580049.665,0.178,-1.000,-0.311,0,0,fn
c,-5.453,"[-8.895, -2.012]",3.442,-2.643,0.010,9.878,ngd,23,331580049.665,0.178,-6.000,0.547,0,0,fn
s,-3.937,"[-6.102, -1.773]",2.165,-3.034,0.003,9.878,ngd,23,331580049.665,0.178,-3.000,-0.937,0,0,fn
k0,-0.299,"[-1.293, 0.695]",0.994,-0.501,0.618,9.878,ngd,23,331580049.665,0.178,0.000,-0.299,0,0,fp
k1,0.988,"[0.053, 1.923]",0.935,1.763,0.082,9.878,ngd,23,331580049.665,0.178,0.000,0.988,0,1,fp
k2,-1.105,"[-2.114, -0.097]",1.008,-1.828,0.072,9.878,ngd,23,331580049.665,0.178,0.000,-1.105,0,1,fp
k3,0.617,"[-0.381, 1.615]",0.998,1.031,0.306,9.878,ngd,23,331580049.665,0.178,0.000,0.617,0,0,fp
k4,0.023,"[-0.882, 0.928]",0.905,0.042,0.967,9.878,ngd,23,331580049.665,0.178,0.000,0.023,0,0,fp
k5,0.422,"[-0.537, 1.382]",0.960,0.734,0.465,9.878,ngd,23,331580049.665,0.178,0.000,0.422,0,0,fp
vot,0.240,,,,,9.878,ngd,23,331580049.665,0.178,0.167,0.074,0,0,fn
tt,-2.449,"[-6.427, 1.529]",3.978,-1.027,0.308,10.415,lm,23,2076778203.791,0.445,-1.000,-1.449,1,0,fn
c,-4.802,"[-12.413, 2.808]",7.610,-1.052,0.296,10.415,lm,23,2076778203.791,0.445,-6.000,1.198,1,0,fn
s,-3.408,"[-9.743, 2.927]",6.335,-0.897,0.373,10.415,lm,23,2076778203.791,0.445,-3.000,-0.408,1,0,fn
k0,0.481,"[-1.527, 2.488]",2.007,0.399,0.691,10.415,lm,23,2076778203.791,0.445,0.000,0.481,0,0,fp
k1,1.981,"[-2.402, 6.365]",4.384,0.754,0.454,10.415,lm,23,2076778203.791,0.445,0.000,1.981,0,0,fp
k2,-0.561,"[-2.675, 1.553]",2.114,-0.443,0.659,10.415,lm,23,2076778203.791,0.445,0.000,-0.561,0,0,fp
k3,1.370,"[-1.537, 4.276]",2.907,0.786,0.435,10.415,lm,23,2076778203.791,0.445,0.000,1.370,0,0,fp
k4,0.272,"[-2.146, 2.689]",2.417,0.187,0.852,10.415,lm,23,2076778203.791,0.445,0.000,0.272,0,0,fp
k5,1.223,"[-2.283, 4.729]",3.506,0.582,0.563,10.415,lm,23,2076778203.791,0.445,0.000,1.223,0,0,fp
vot,0.510,,,,,10.415,lm,23,2076778203.791,0.445,0.167,0.343,0,0,fn
tt,-1.332,"[-1.917, -0.747]",0.585,-3.800,0.000,20.109,ngd+lm,23,206887251.601,0.141,-1.000,-0.332,0,0,fn
c,-7.362,"[-10.846, -3.879]",3.484,-3.525,0.001,20.109,ngd+lm,23,206887251.601,0.141,-6.000,-1.362,0,0,fn
s,-4.396,"[-6.298, -2.495]",1.901,-3.856,0.000,20.109,ngd+lm,23,206887251.601,0.141,-3.000,-1.396,0,0,fn
k0,0.702,"[-0.022, 1.426]",0.724,1.618,0.110,20.109,ngd+lm,23,206887251.601,0.141,0.000,0.702,0,0,fp
k1,-0.494,"[-1.113, 0.126]",0.619,-1.330,0.188,20.109,ngd+lm,23,206887251.601,0.141,0.000,-0.494,0,0,fp
k2,-0.409,"[-1.072, 0.254]",0.663,-1.028,0.308,20.109,ngd+lm,23,206887251.601,0.141,0.000,-0.409,0,0,fp
k3,0.024,"[-0.668, 0.716]",0.692,0.058,0.954,20.109,ngd+lm,23,206887251.601,0.141,0.000,0.024,0,0,fp
k4,0.169,"[-0.724, 1.062]",0.893,0.316,0.753,20.109,ngd+lm,23,206887251.601,0.141,0.000,0.169,0,0,fp
k5,-0.070,"[-0.657, 0.518]",0.588,-0.197,0.844,20.109,ngd+lm,23,206887251.601,0.141,0.000,-0.070,0,0,fp
vot,0.181,,,,,20.109,ngd+lm,23,206887251.601,0.141,0.167,0.014,0,0,fn
tt,-1.039,"[-1.604, -0.474]",0.565,-3.068,0.003,9.982,ngd,24,312991538.749,0.182,-1.000,-0.039,0,0,fn
c,-5.941,"[-8.92, -2.962]",2.979,-3.327,0.001,9.982,ngd,24,312991538.749,0.182,-6.000,0.059,0,0,fn
s,-3.553,"[-5.278, -1.828]",1.725,-3.436,0.001,9.982,ngd,24,312991538.749,0.182,-3.000,-0.553,0,0,fn
k0,0.738,"[-0.188, 1.664]",0.926,1.329,0.188,9.982,ngd,24,312991538.749,0.182,0.000,0.738,0,0,fp
k1,-0.549,"[-1.341, 0.244]",0.793,-1.154,0.252,9.982,ngd,24,312991538.749,0.182,0.000,-0.549,0,0,fp
k2,-0.274,"[-1.156, 0.608]",0.882,-0.518,0.606,9.982,ngd,24,312991538.749,0.182,0.000,-0.274,0,0,fp
k3,0.446,"[-0.248, 1.139]",0.694,1.071,0.288,9.982,ngd,24,312991538.749,0.182,0.000,0.446,0,0,fp
k4,0.368,"[-0.395, 1.131]",0.763,0.804,0.424,9.982,ngd,24,312991538.749,0.182,0.000,0.368,0,0,fp
k5,-0.544,"[-1.333, 0.245]",0.789,-1.150,0.254,9.982,ngd,24,312991538.749,0.182,0.000,-0.544,0,0,fp
vot,0.175,,,,,9.982,ngd,24,312991538.749,0.182,0.167,0.008,0,0,fn
tt,-0.500,"[-1.327, 0.326]",0.826,-1.010,0.316,10.488,lm,24,1225443062.446,0.361,-1.000,0.500,1,0,fn
c,-4.202,"[-10.549, 2.145]",6.347,-1.104,0.273,10.488,lm,24,1225443062.446,0.361,-6.000,1.798,1,0,fn
s,-4.890,"[-12.095, 2.315]",7.205,-1.132,0.262,10.488,lm,24,1225443062.446,0.361,-3.000,-1.890,1,0,fn
k0,1.032,"[-2.165, 4.229]",3.197,0.538,0.592,10.488,lm,24,1225443062.446,0.361,0.000,1.032,0,0,fp
k1,-1.914,"[-5.792, 1.964]",3.878,-0.823,0.413,10.488,lm,24,1225443062.446,0.361,0.000,-1.914,0,0,fp
k2,-1.019,"[-3.513, 1.475]",2.494,-0.681,0.498,10.488,lm,24,1225443062.446,0.361,0.000,-1.019,0,0,fp
k3,1.552,"[-1.644, 4.747]",3.196,0.810,0.421,10.488,lm,24,1225443062.446,0.361,0.000,1.552,0,0,fp
k4,0.483,"[-1.886, 2.851]",2.368,0.340,0.735,10.488,lm,24,1225443062.446,0.361,0.000,0.483,0,0,fp
k5,-1.151,"[-3.541, 1.24]",2.391,-0.803,0.425,10.488,lm,24,1225443062.446,0.361,0.000,-1.151,0,0,fp
vot,0.119,,,,,10.488,lm,24,1225443062.446,0.361,0.167,-0.048,0,0,fn
tt,-1.146,"[-1.621, -0.671]",0.475,-4.024,0.000,20.327,ngd+lm,24,157431999.285,0.129,-1.000,-0.146,0,0,fn
c,-6.862,"[-9.573, -4.151]",2.711,-4.222,0.000,20.327,ngd+lm,24,157431999.285,0.129,-6.000,-0.862,0,0,fn
s,-3.681,"[-5.205, -2.157]",1.524,-4.029,0.000,20.327,ngd+lm,24,157431999.285,0.129,-3.000,-0.681,0,0,fn
k0,0.036,"[-0.678, 0.75]",0.714,0.084,0.933,20.327,ngd+lm,24,157431999.285,0.129,0.000,0.036,0,0,fp
k1,-0.072,"[-0.717, 0.572]",0.645,-0.187,0.852,20.327,ngd+lm,24,157431999.285,0.129,0.000,-0.072,0,0,fp
k2,0.042,"[-0.665, 0.75]",0.707,0.100,0.921,20.327,ngd+lm,24,157431999.285,0.129,0.000,0.042,0,0,fp
k3,0.065,"[-0.434, 0.564]",0.499,0.217,0.829,20.327,ngd+lm,24,157431999.285,0.129,0.000,0.065,0,0,fp
k4,-0.066,"[-0.711, 0.578]",0.644,-0.172,0.864,20.327,ngd+lm,24,157431999.285,0.129,0.000,-0.066,0,0,fp
k5,0.141,"[-0.46, 0.742]",0.601,0.390,0.697,20.327,ngd+lm,24,157431999.285,0.129,0.000,0.141,0,0,fp
vot,0.167,,,,,20.327,ngd+lm,24,157431999.285,0.129,0.167,0.000,0,0,fn
tt,-1.032,"[-1.685, -0.38]",0.653,-2.638,0.010,10.096,ngd,25,337363779.241,0.186,-1.000,-0.032,0,0,fn
c,-5.471,"[-8.836, -2.107]",3.364,-2.712,0.008,10.096,ngd,25,337363779.241,0.186,-6.000,0.529,0,0,fn
s,-3.124,"[-5.162, -1.086]",2.038,-2.557,0.013,10.096,ngd,25,337363779.241,0.186,-3.000,-0.124,0,0,fn
k0,-1.298,"[-2.663, 0.066]",1.365,-1.587,0.117,10.096,ngd,25,337363779.241,0.186,0.000,-1.298,0,0,fp
k1,1.620,"[-0.105, 3.344]",1.724,1.567,0.122,10.096,ngd,25,337363779.241,0.186,0.000,1.620,0,0,fp
k2,-0.734,"[-1.788, 0.319]",1.053,-1.163,0.249,10.096,ngd,25,337363779.241,0.186,0.000,-0.734,0,0,fp
k3,-0.573,"[-1.489, 0.344]",0.916,-1.042,0.301,10.096,ngd,25,337363779.241,0.186,0.000,-0.573,0,0,fp
k4,1.168,"[-0.049, 2.385]",1.217,1.601,0.114,10.096,ngd,25,337363779.241,0.186,0.000,1.168,0,0,fp
k5,-0.498,"[-1.603, 0.606]",1.104,-0.753,0.454,10.096,ngd,25,337363779.241,0.186,0.000,-0.498,0,0,fp
vot,0.189,,,,,10.096,ngd,25,337363779.241,0.186,0.167,0.022,0,0,fn
tt,-1.251,"[-2.069, -0.433]",0.818,-2.550,0.013,10.393,lm,25,205766464.242,0.145,-1.000,-0.251,0,0,fn
c,-8.353,"[-13.701, -3.005]",5.348,-2.605,0.011,10.393,lm,25,205766464.242,0.145,-6.000,-2.353,0,0,fn
s,-4.275,"[-6.915, -1.634]",2.640,-2.700,0.009,10.393,lm,25,205766464.242,0.145,-3.000,-1.275,0,0,fn
k0,0.483,"[-0.698, 1.664]",1.181,0.683,0.497,10.393,lm,25,205766464.242,0.145,0.000,0.483,0,0,fp
k1,-0.401,"[-1.818, 1.015]",1.417,-0.473,0.638,10.393,lm,25,205766464.242,0.145,0.000,-0.401,0,0,fp
k2,0.053,"[-0.948, 1.054]",1.001,0.088,0.930,10.393,lm,25,205766464.242,0.145,0.000,0.053,0,0,fp
k3,-0.383,"[-1.194, 0.428]",0.811,-0.787,0.434,10.393,lm,25,205766464.242,0.145,0.000,-0.383,0,0,fp
k4,-0.322,"[-1.248, 0.605]",0.926,-0.579,0.565,10.393,lm,25,205766464.242,0.145,0.000,-0.322,0,0,fp
k5,0.434,"[-0.554, 1.423]",0.988,0.733,0.466,10.393,lm,25,205766464.242,0.145,0.000,0.434,0,0,fp
vot,0.150,,,,,10.393,lm,25,205766464.242,0.145,0.167,-0.017,0,0,fn
tt,-1.234,"[-2.037, -0.431]",0.803,-2.563,0.013,20.610,ngd+lm,25,205782427.543,0.145,-1.000,-0.234,0,0,fn
c,-8.224,"[-13.462, -2.986]",5.238,-2.619,0.011,20.610,ngd+lm,25,205782427.543,0.145,-6.000,-2.224,0,0,fn
s,-4.217,"[-6.806, -1.628]",2.589,-2.717,0.008,20.610,ngd+lm,25,205782427.543,0.145,-3.000,-1.217,0,0,fn
k0,0.479,"[-0.687, 1.645]",1.166,0.686,0.495,20.610,ngd+lm,25,205782427.543,0.145,0.000,0.479,0,0,fp
k1,-0.403,"[-1.803, 0.997]",1.400,-0.480,0.633,20.610,ngd+lm,25,205782427.543,0.145,0.000,-0.403,0,0,fp
k2,0.043,"[-0.945, 1.031]",0.988,0.073,0.942,20.610,ngd+lm,25,205782427.543,0.145,0.000,0.043,0,0,fp
k3,-0.371,"[-1.174, 0.432]",0.803,-0.771,0.444,20.610,ngd+lm,25,205782427.543,0.145,0.000,-0.371,0,0,fp
k4,-0.320,"[-1.239, 0.598]",0.918,-0.582,0.563,20.610,ngd+lm,25,205782427.543,0.145,0.000,-0.320,0,0,fp
k5,0.432,"[-0.546, 1.41]",0.978,0.737,0.464,20.610,ngd+lm,25,205782427.543,0.145,0.000,0.432,0,0,fp
vot,0.150,,,,,20.610,ngd+lm,25,205782427.543,0.145,0.167,-0.017,0,0,fn
tt,-1.136,"[-1.82, -0.451]",0.684,-2.768,0.007,9.980,ngd,26,390242086.592,0.201,-1.000,-0.136,0,0,fn
c,-6.964,"[-11.057, -2.871]",4.093,-2.838,0.006,9.980,ngd,26,390242086.592,0.201,-6.000,-0.964,0,0,fn
s,-4.707,"[-7.432, -1.981]",2.725,-2.880,0.005,9.980,ngd,26,390242086.592,0.201,-3.000,-1.707,0,0,fn
k0,-0.738,"[-1.986, 0.51]",1.248,-0.987,0.327,9.980,ngd,26,390242086.592,0.201,0.000,-0.738,0,0,fp
k1,1.687,"[0.302, 3.073]",1.386,2.031,0.046,9.980,ngd,26,390242086.592,0.201,0.000,1.687,0,1,fp
k2,-0.575,"[-1.455, 0.304]",0.880,-1.091,0.279,9.980,ngd,26,390242086.592,0.201,0.000,-0.575,0,0,fp
k3,0.284,"[-1.264, 1.833]",1.548,0.306,0.760,9.980,ngd,26,390242086.592,0.201,0.000,0.284,0,0,fp
k4,0.996,"[-0.141, 2.133]",1.137,1.461,0.149,9.980,ngd,26,390242086.592,0.201,0.000,0.996,0,0,fp
k5,-1.335,"[-2.539, -0.132]",1.204,-1.850,0.069,9.980,ngd,26,390242086.592,0.201,0.000,-1.335,0,1,fp
vot,0.163,,,,,9.980,ngd,26,390242086.592,0.201,0.167,-0.004,0,0,fn
tt,-1.208,"[-1.725, -0.691]",0.517,-3.896,0.000,10.532,lm,26,189966262.682,0.140,-1.000,-0.208,0,0,fn
c,-7.121,"[-10.209, -4.033]",3.088,-3.846,0.000,10.532,lm,26,189966262.682,0.140,-6.000,-1.121,0,0,fn
s,-3.601,"[-5.222, -1.979]",1.622,-3.703,0.000,10.532,lm,26,189966262.682,0.140,-3.000,-0.601,0,0,fn
k0,-0.604,"[-1.301, 0.093]",0.697,-1.446,0.153,10.532,lm,26,189966262.682,0.140,0.000,-0.604,0,0,fp
k1,-0.380,"[-1.045, 0.286]",0.665,-0.952,0.345,10.532,lm,26,189966262.682,0.140,0.000,-0.380,0,0,fp
k2,0.278,"[-0.294, 0.849]",0.572,0.811,0.421,10.532,lm,26,189966262.682,0.140,0.000,0.278,0,0,fp
k3,0.440,"[-0.368, 1.248]",0.808,0.907,0.367,10.532,lm,26,189966262.682,0.140,0.000,0.440,0,0,fp
k4,0.484,"[-0.135, 1.103]",0.619,1.303,0.197,10.532,lm,26,189966262.682,0.140,0.000,0.484,0,0,fp
k5,-0.418,"[-1.128, 0.291]",0.709,-0.984,0.329,10.532,lm,26,189966262.682,0.140,0.000,-0.418,0,0,fp
vot,0.170,,,,,10.532,lm,26,189966262.682,0.140,0.167,0.003,0,0,fn
tt,-1.232,"[-1.766, -0.699]",0.533,-3.853,0.000,20.452,ngd+lm,26,189927669.507,0.140,-1.000,-0.232,0,0,fn
c,-7.292,"[-10.486, -4.098]",3.194,-3.808,0.000,20.452,ngd+lm,26,189927669.507,0.140,-6.000,-1.292,0,0,fn
s,-3.669,"[-5.338, -1.999]",1.670,-3.665,0.000,20.452,ngd+lm,26,189927669.507,0.140,-3.000,-0.669,0,0,fn
k0,-0.591,"[-1.301, 0.118]",0.710,-1.390,0.169,20.452,ngd+lm,26,189927669.507,0.140,0.000,-0.591,0,0,fp
k1,-0.389,"[-1.065, 0.287]",0.676,-0.959,0.341,20.452,ngd+lm,26,189927669.507,0.140,0.000,-0.389,0,0,fp
k2,0.277,"[-0.306, 0.859]",0.583,0.793,0.431,20.452,ngd+lm,26,189927669.507,0.140,0.000,0.277,0,0,fp
k3,0.420,"[-0.396, 1.236]",0.816,0.858,0.394,20.452,ngd+lm,26,189927669.507,0.140,0.000,0.420,0,0,fp
k4,0.520,"[-0.119, 1.158]",0.639,1.357,0.179,20.452,ngd+lm,26,189927669.507,0.140,0.000,0.520,0,0,fp
k5,-0.479,"[-1.213, 0.256]",0.735,-1.087,0.281,20.452,ngd+lm,26,189927669.507,0.140,0.000,-0.479,0,0,fp
vot,0.169,,,,,20.452,ngd+lm,26,189927669.507,0.140,0.167,0.002,0,0,fn
tt,-0.930,"[-1.42, -0.44]",0.490,-3.166,0.002,10.940,ngd,27,393278699.896,0.200,-1.000,0.070,0,0,fn
c,-5.564,"[-8.38, -2.748]",2.816,-3.296,0.002,10.940,ngd,27,393278699.896,0.200,-6.000,0.436,0,0,fn
s,-3.371,"[-5.197, -1.544]",1.827,-3.078,0.003,10.940,ngd,27,393278699.896,0.200,-3.000,-0.371,0,0,fn
k0,-1.252,"[-2.439, -0.065]",1.187,-1.759,0.083,10.940,ngd,27,393278699.896,0.200,0.000,-1.252,0,1,fp
k1,-0.967,"[-1.809, -0.126]",0.841,-1.918,0.059,10.940,ngd,27,393278699.896,0.200,0.000,-0.967,0,1,fp
k2,-0.268,"[-0.907, 0.372]",0.639,-0.698,0.487,10.940,ngd,27,393278699.896,0.200,0.000,-0.268,0,0,fp
k3,-0.351,"[-1.082, 0.38]",0.731,-0.802,0.425,10.940,ngd,27,393278699.896,0.200,0.000,-0.351,0,0,fp
k4,1.046,"[0.257, 1.835]",0.789,2.211,0.030,10.940,ngd,27,393278699.896,0.200,0.000,1.046,0,1,fp
k5,0.470,"[-0.407, 1.347]",0.877,0.894,0.375,10.940,ngd,27,393278699.896,0.200,0.000,0.470,0,0,fp
vot,0.167,,,,,10.940,ngd,27,393278699.896,0.200,0.167,0.001,0,0,fn
tt,-0.738,"[-1.01, -0.465]",0.273,-4.510,0.000,10.412,lm,27,221305076.989,0.150,-1.000,0.262,0,0,fn
c,-5.202,"[-6.98, -3.424]",1.778,-4.880,0.000,10.412,lm,27,221305076.989,0.150,-6.000,0.798,0,0,fn
s,-2.110,"[-3.036, -1.185]",0.926,-3.803,0.000,10.412,lm,27,221305076.989,0.150,-3.000,0.890,0,0,fn
k0,0.043,"[-0.597, 0.684]",0.641,0.113,0.910,10.412,lm,27,221305076.989,0.150,0.000,0.043,0,0,fp
k1,0.108,"[-0.385, 0.6]",0.492,0.365,0.716,10.412,lm,27,221305076.989,0.150,0.000,0.108,0,0,fp
k2,-0.039,"[-0.453, 0.375]",0.414,-0.157,0.875,10.412,lm,27,221305076.989,0.150,0.000,-0.039,0,0,fp
k3,-0.059,"[-0.54, 0.422]",0.481,-0.204,0.839,10.412,lm,27,221305076.989,0.150,0.000,-0.059,0,0,fp
k4,0.191,"[-0.296, 0.678]",0.487,0.654,0.515,10.412,lm,27,221305076.989,0.150,0.000,0.191,0,0,fp
k5,0.319,"[-0.253, 0.891]",0.572,0.930,0.356,10.412,lm,27,221305076.989,0.150,0.000,0.319,0,0,fp
vot,0.142,,,,,10.412,lm,27,221305076.989,0.150,0.167,-0.025,0,0,fn
tt,-0.738,"[-1.011, -0.465]",0.273,-4.509,0.000,23.264,ngd+lm,27,221305059.449,0.150,-1.000,0.262,0,0,fn
c,-5.203,"[-6.981, -3.424]",1.778,-4.880,0.000,23.264,ngd+lm,27,221305059.449,0.150,-6.000,0.797,0,0,fn
s,-2.111,"[-3.037, -1.185]",0.926,-3.802,0.000,23.264,ngd+lm,27,221305059.449,0.150,-3.000,0.889,0,0,fn
k0,0.044,"[-0.597, 0.685]",0.641,0.114,0.909,23.264,ngd+lm,27,221305059.449,0.150,0.000,0.044,0,0,fp
k1,0.108,"[-0.384, 0.601]",0.493,0.367,0.715,23.264,ngd+lm,27,221305059.449,0.150,0.000,0.108,0,0,fp
k2,-0.039,"[-0.453, 0.375]",0.414,-0.157,0.875,23.264,ngd+lm,27,221305059.449,0.150,0.000,-0.039,0,0,fp
k3,-0.059,"[-0.54, 0.422]",0.481,-0.204,0.839,23.264,ngd+lm,27,221305059.449,0.150,0.000,-0.059,0,0,fp
k4,0.191,"[-0.296, 0.678]",0.487,0.653,0.516,23.264,ngd+lm,27,221305059.449,0.150,0.000,0.191,0,0,fp
k5,0.319,"[-0.253, 0.892]",0.572,0.930,0.355,23.264,ngd+lm,27,221305059.449,0.150,0.000,0.319,0,0,fp
vot,0.142,,,,,23.264,ngd+lm,27,221305059.449,0.150,0.167,-0.025,0,0,fn
tt,-1.256,"[-2.09, -0.423]",0.834,-2.513,0.014,9.878,ngd,28,283178697.510,0.174,-1.000,-0.256,0,0,fn
c,-7.223,"[-12.546, -1.9]",5.323,-2.263,0.027,9.878,ngd,28,283178697.510,0.174,-6.000,-1.223,0,0,fn
s,-2.933,"[-4.895, -0.972]",1.961,-2.495,0.015,9.878,ngd,28,283178697.510,0.174,-3.000,0.067,0,0,fn
k0,-0.407,"[-1.809, 0.995]",1.402,-0.484,0.630,9.878,ngd,28,283178697.510,0.174,0.000,-0.407,0,0,fp
k1,0.530,"[-0.716, 1.776]",1.246,0.710,0.480,9.878,ngd,28,283178697.510,0.174,0.000,0.530,0,0,fp
k2,-1.158,"[-2.046, -0.27]",0.888,-2.174,0.033,9.878,ngd,28,283178697.510,0.174,0.000,-1.158,0,1,fp
k3,1.471,"[-0.129, 3.07]",1.599,1.534,0.130,9.878,ngd,28,283178697.510,0.174,0.000,1.471,0,0,fp
k4,-0.397,"[-1.068, 0.274]",0.671,-0.986,0.327,9.878,ngd,28,283178697.510,0.174,0.000,-0.397,0,0,fp
k5,-1.551,"[-3.448, 0.346]",1.897,-1.364,0.177,9.878,ngd,28,283178697.510,0.174,0.000,-1.551,0,0,fp
vot,0.174,,,,,9.878,ngd,28,283178697.510,0.174,0.167,0.007,0,0,fn
tt,0.740,"[-0.938, 2.418]",1.678,0.735,0.465,10.268,lm,28,3278105505.114,0.592,-1.000,1.740,1,0,fn
c,-7.159,"[-22.498, 8.179]",15.339,-0.779,0.439,10.268,lm,28,3278105505.114,0.592,-6.000,-1.159,1,0,fn
s,-2.878,"[-9.288, 3.531]",6.409,-0.749,0.456,10.268,lm,28,3278105505.114,0.592,-3.000,0.122,1,0,fn
k0,-0.237,"[-3.176, 2.703]",2.940,-0.134,0.894,10.268,lm,28,3278105505.114,0.592,0.000,-0.237,0,0,fp
k1,0.603,"[-2.758, 3.964]",3.361,0.299,0.766,10.268,lm,28,3278105505.114,0.592,0.000,0.603,0,0,fp
k2,-1.276,"[-6.046, 3.493]",4.769,-0.446,0.657,10.268,lm,28,3278105505.114,0.592,0.000,-1.276,0,0,fp
k3,1.769,"[-3.485, 7.023]",5.254,0.562,0.576,10.268,lm,28,3278105505.114,0.592,0.000,1.769,0,0,fp
k4,-0.001,"[-3.185, 3.184]",3.185,-0.000,1.000,10.268,lm,28,3278105505.114,0.592,0.000,-0.001,0,0,fp
k5,-1.561,"[-5.479, 2.358]",3.918,-0.664,0.509,10.268,lm,28,3278105505.114,0.592,0.000,-1.561,0,0,fp
vot,-0.103,,,,,10.268,lm,28,3278105505.114,0.592,0.167,-0.270,0,0,fn
tt,-1.498,"[-2.278, -0.719]",0.779,-3.206,0.002,20.399,ngd+lm,28,171446261.044,0.135,-1.000,-0.498,0,0,fn
c,-7.897,"[-11.83, -3.965]",3.932,-3.350,0.001,20.399,ngd+lm,28,171446261.044,0.135,-6.000,-1.897,0,0,fn
s,-4.795,"[-7.361, -2.229]",2.566,-3.117,0.003,20.399,ngd+lm,28,171446261.044,0.135,-3.000,-1.795,0,0,fn
k0,0.496,"[-0.311, 1.304]",0.807,1.025,0.309,20.399,ngd+lm,28,171446261.044,0.135,0.000,0.496,0,0,fp
k1,0.515,"[-0.259, 1.288]",0.774,1.109,0.271,20.399,ngd+lm,28,171446261.044,0.135,0.000,0.515,0,0,fp
k2,0.391,"[-0.226, 1.008]",0.617,1.056,0.295,20.399,ngd+lm,28,171446261.044,0.135,0.000,0.391,0,0,fp
k3,-0.108,"[-0.792, 0.576]",0.684,-0.264,0.793,20.399,ngd+lm,28,171446261.044,0.135,0.000,-0.108,0,0,fp
k4,-0.200,"[-0.754, 0.355]",0.555,-0.600,0.551,20.399,ngd+lm,28,171446261.044,0.135,0.000,-0.200,0,0,fp
k5,0.295,"[-0.364, 0.954]",0.659,0.746,0.458,20.399,ngd+lm,28,171446261.044,0.135,0.000,0.295,0,0,fp
vot,0.190,,,,,20.399,ngd+lm,28,171446261.044,0.135,0.167,0.023,0,0,fn
tt,-0.932,"[-1.358, -0.506]",0.426,-3.648,0.001,10.674,ngd,29,278356886.742,0.165,-1.000,0.068,0,0,fn
c,-5.654,"[-8.224, -3.085]",2.569,-3.671,0.000,10.674,ngd,29,278356886.742,0.165,-6.000,0.346,0,0,fn
s,-3.439,"[-5.077, -1.801]",1.638,-3.503,0.001,10.674,ngd,29,278356886.742,0.165,-3.000,-0.439,0,0,fn
k0,-0.228,"[-0.839, 0.384]",0.611,-0.622,0.536,10.674,ngd,29,278356886.742,0.165,0.000,-0.228,0,0,fp
k1,0.185,"[-0.397, 0.767]",0.582,0.530,0.598,10.674,ngd,29,278356886.742,0.165,0.000,0.185,0,0,fp
k2,0.070,"[-0.66, 0.8]",0.730,0.160,0.873,10.674,ngd,29,278356886.742,0.165,0.000,0.070,0,0,fp
k3,0.487,"[-0.206, 1.179]",0.693,1.172,0.246,10.674,ngd,29,278356886.742,0.165,0.000,0.487,0,0,fp
k4,-1.302,"[-2.154, -0.45]",0.852,-2.549,0.013,10.674,ngd,29,278356886.742,0.165,0.000,-1.302,0,1,fp
k5,-0.153,"[-1.237, 0.931]",1.084,-0.236,0.814,10.674,ngd,29,278356886.742,0.165,0.000,-0.153,0,0,fp
vot,0.165,,,,,10.674,ngd,29,278356886.742,0.165,0.167,-0.002,0,0,fn
tt,0.973,"[-1.14, 3.087]",2.114,0.768,0.445,10.541,lm,29,6779856983.708,0.815,-1.000,1.973,1,0,fn
c,-5.380,"[-18.605, 7.846]",13.225,-0.678,0.500,10.541,lm,29,6779856983.708,0.815,-6.000,0.620,1,0,fn
s,-3.564,"[-12.904, 5.775]",9.339,-0.637,0.527,10.541,lm,29,6779856983.708,0.815,-3.000,-0.564,1,0,fn
k0,0.154,"[-3.872, 4.181]",4.026,0.064,0.949,10.541,lm,29,6779856983.708,0.815,0.000,0.154,0,0,fp
k1,0.530,"[-3.089, 4.149]",3.619,0.244,0.808,10.541,lm,29,6779856983.708,0.815,0.000,0.530,0,0,fp
k2,0.455,"[-2.927, 3.837]",3.382,0.224,0.823,10.541,lm,29,6779856983.708,0.815,0.000,0.455,0,0,fp
k3,0.664,"[-3.468, 4.796]",4.132,0.268,0.789,10.541,lm,29,6779856983.708,0.815,0.000,0.664,0,0,fp
k4,-1.424,"[-8.322, 5.474]",6.898,-0.344,0.732,10.541,lm,29,6779856983.708,0.815,0.000,-1.424,0,0,fp
k5,-0.036,"[-6.932, 6.861]",6.897,-0.009,0.993,10.541,lm,29,6779856983.708,0.815,0.000,-0.036,0,0,fp
vot,-0.181,,,,,10.541,lm,29,6779856983.708,0.815,0.167,-0.348,0,0,fn
tt,-0.716,"[-0.962, -0.47]",0.246,-4.850,0.000,21.263,ngd+lm,29,173875828.542,0.130,-1.000,0.284,0,0,fn
c,-4.214,"[-5.553, -2.876]",1.339,-5.251,0.000,21.263,ngd+lm,29,173875828.542,0.130,-6.000,1.786,0,0,fn
s,-1.971,"[-2.719, -1.224]",0.748,-4.398,0.000,21.263,ngd+lm,29,173875828.542,0.130,-3.000,1.029,0,0,fn
k0,-0.055,"[-0.416, 0.305]",0.360,-0.256,0.798,21.263,ngd+lm,29,173875828.542,0.130,0.000,-0.055,0,0,fp
k1,-0.225,"[-0.574, 0.124]",0.349,-1.076,0.286,21.263,ngd+lm,29,173875828.542,0.130,0.000,-0.225,0,0,fp
k2,-0.132,"[-0.509, 0.245]",0.377,-0.584,0.561,21.263,ngd+lm,29,173875828.542,0.130,0.000,-0.132,0,0,fp
k3,0.161,"[-0.244, 0.566]",0.405,0.663,0.509,21.263,ngd+lm,29,173875828.542,0.130,0.000,0.161,0,0,fp
k4,0.032,"[-0.333, 0.397]",0.365,0.146,0.884,21.263,ngd+lm,29,173875828.542,0.130,0.000,0.032,0,0,fp
k5,-0.210,"[-0.796, 0.376]",0.586,-0.598,0.552,21.263,ngd+lm,29,173875828.542,0.130,0.000,-0.210,0,0,fp
vot,0.170,,,,,21.263,ngd+lm,29,173875828.542,0.130,0.167,0.003,0,0,fn
tt,-1.255,"[-1.765, -0.745]",0.510,-4.102,0.000,10.080,ngd,30,277997842.625,0.170,-1.000,-0.255,0,0,fn
c,-6.513,"[-9.198, -3.829]",2.685,-4.047,0.000,10.080,ngd,30,277997842.625,0.170,-6.000,-0.513,0,0,fn
s,-3.560,"[-4.97, -2.149]",1.410,-4.210,0.000,10.080,ngd,30,277997842.625,0.170,-3.000,-0.560,0,0,fn
k0,0.538,"[-0.318, 1.394]",0.856,1.049,0.298,10.080,ngd,30,277997842.625,0.170,0.000,0.538,0,0,fp
k1,-0.599,"[-1.702, 0.504]",1.103,-0.906,0.368,10.080,ngd,30,277997842.625,0.170,0.000,-0.599,0,0,fp
k2,-1.160,"[-1.985, -0.334]",0.826,-2.343,0.022,10.080,ngd,30,277997842.625,0.170,0.000,-1.160,0,1,fp
k3,1.422,"[0.266, 2.579]",1.156,2.052,0.044,10.080,ngd,30,277997842.625,0.170,0.000,1.422,0,1,fp
k4,-0.139,"[-0.65, 0.372]",0.511,-0.454,0.651,10.080,ngd,30,277997842.625,0.170,0.000,-0.139,0,0,fp
k5,1.393,"[0.45, 2.336]",0.943,2.464,0.016,10.080,ngd,30,277997842.625,0.170,0.000,1.393,0,1,fp
vot,0.193,,,,,10.080,ngd,30,277997842.625,0.170,0.167,0.026,0,0,fn
tt,-0.853,"[-1.16, -0.546]",0.307,-4.636,0.000,10.785,lm,30,187999999.928,0.140,-1.000,0.147,0,0,fn
c,-5.295,"[-7.01, -3.581]",1.715,-5.151,0.000,10.785,lm,30,187999999.928,0.140,-6.000,0.705,0,0,fn
s,-2.298,"[-3.022, -1.574]",0.724,-5.293,0.000,10.785,lm,30,187999999.928,0.140,-3.000,0.702,0,0,fn
k0,0.110,"[-0.411, 0.632]",0.521,0.353,0.725,10.785,lm,30,187999999.928,0.140,0.000,0.110,0,0,fp
k1,0.509,"[-0.156, 1.174]",0.665,1.276,0.207,10.785,lm,30,187999999.928,0.140,0.000,0.509,0,0,fp
k2,-0.109,"[-0.585, 0.367]",0.476,-0.382,0.704,10.785,lm,30,187999999.928,0.140,0.000,-0.109,0,0,fp
k3,0.212,"[-0.437, 0.861]",0.649,0.545,0.588,10.785,lm,30,187999999.928,0.140,0.000,0.212,0,0,fp
k4,0.175,"[-0.12, 0.469]",0.295,0.988,0.327,10.785,lm,30,187999999.928,0.140,0.000,0.175,0,0,fp
k5,0.493,"[-0.006, 0.991]",0.499,1.648,0.104,10.785,lm,30,187999999.928,0.140,0.000,0.493,0,0,fp
vot,0.161,,,,,10.785,lm,30,187999999.928,0.140,0.167,-0.006,0,0,fn
tt,-0.853,"[-1.16, -0.546]",0.307,-4.636,0.000,20.685,ngd+lm,30,187999999.902,0.140,-1.000,0.147,0,0,fn
c,-5.296,"[-7.01, -3.581]",1.715,-5.151,0.000,20.685,ngd+lm,30,187999999.902,0.140,-6.000,0.704,0,0,fn
s,-2.298,"[-3.022, -1.574]",0.724,-5.293,0.000,20.685,ngd+lm,30,187999999.902,0.140,-3.000,0.702,0,0,fn
k0,0.110,"[-0.411, 0.632]",0.521,0.353,0.725,20.685,ngd+lm,30,187999999.902,0.140,0.000,0.110,0,0,fp
k1,0.509,"[-0.156, 1.174]",0.665,1.276,0.207,20.685,ngd+lm,30,187999999.902,0.140,0.000,0.509,0,0,fp
k2,-0.109,"[-0.585, 0.367]",0.476,-0.382,0.704,20.685,ngd+lm,30,187999999.902,0.140,0.000,-0.109,0,0,fp
k3,0.212,"[-0.437, 0.861]",0.649,0.545,0.588,20.685,ngd+lm,30,187999999.902,0.140,0.000,0.212,0,0,fp
k4,0.175,"[-0.12, 0.469]",0.295,0.988,0.327,20.685,ngd+lm,30,187999999.902,0.140,0.000,0.175,0,0,fp
k5,0.493,"[-0.006, 0.991]",0.499,1.648,0.104,20.685,ngd+lm,30,187999999.902,0.140,0.000,0.493,0,0,fp
vot,0.161,,,,,20.685,ngd+lm,30,187999999.902,0.140,0.167,-0.006,0,0,fn
