link_key,observed,true_count,iter_1,iter_2,iter_3,iter_4,iter_5,iter_6,iter_7,iter_8,iter_9,iter_10,iter_11,iter_12,iter_13,iter_14,iter_15,iter_16,iter_17,iter_18,iter_19,iter_20
"(0, 1621, '0')",0,,,,,,,,,,,,,,,,,,,,,
"(61, 93, '0')",0,,,,,,,,,,,,,,,,,,,,,
"(61, 51, '0')",0,,,,,,,,,,,,,,,,,,,,,
"(57, 51, '0')",0,,,,,,,,,,,,,,,,,,,,,
"(708, 9, '0')",0,,,,,,,,,,,,,,,,,,,,,
"(319, 9, '0')",0,,,,,,,,,,,,,,,,,,,,,
"(708, 738, '0')",0,,,,,,,,,,,,,,,,,,,,,
"(708, 733, '0')",0,,,,,,,,,,,,,,,,,,,,,
"(1556, 1731, '0')",0,,,,,,,,,,,,,,,,,,,,,
"(160, 95, '0')",0,,,,,,,,,,,,,,,,,,,,,
"(2, 43, '0')",1,2642.0,-977.7,1179.7,759.3,718.0,434.5,431.4,505.3,441.0,517.9,525.0,517.9,-1062.3,-1049.0,-1056.5,-1067.6,-1079.0,-1073.4,-1057.2,-1068.2,-1072.4
"(99, 43, '0')",1,2981.0,976.7,-2534.0,-2327.1,-2216.3,-2209.5,-2177.0,-2150.3,-2137.0,-2095.4,-2131.0,-2095.4,979.4,970.0,962.0,927.3,924.1,906.1,856.8,919.7,924.7
"(369, 164, '0')",1,1840.0,-1471.9,-1352.3,-1333.2,-1334.3,-1333.7,-1337.2,-1337.3,-1340.3,-1335.3,-1351.1,-1335.3,-1348.4,-1460.5,-1465.1,-1462.8,-1461.7,-1457.8,-1454.9,-1457.0,-1456.4
"(669, 164, '0')",1,2101.0,1309.6,1110.2,1102.3,1081.1,1217.6,1217.2,1201.1,1191.7,1129.2,1191.1,1129.2,889.7,879.6,910.7,949.9,954.4,938.0,979.3,953.3,967.0
"(3, 38, '0')",1,2001.0,-717.9,-774.5,-615.3,-548.2,-503.2,-487.9,-472.6,-548.5,-551.5,-569.8,-551.5,-534.6,-651.5,-693.8,-701.0,-701.5,-739.3,-740.9,-738.1,-738.3
"(3, 19, '0')",1,4807.0,257.3,169.2,-22.6,-232.6,-325.0,-409.0,-549.6,-564.3,-598.4,-568.0,-598.4,-624.0,-507.6,-463.7,-455.8,-455.2,-419.5,-418.1,-418.5,-417.2
"(4, 465, '0')",0,,,,,,,,,,,,,,,,,,,,,
"(361, 412, '0')",1,999.0,762.2,887.3,850.1,857.7,721.4,722.8,737.7,749.4,807.4,762.8,807.4,1058.5,1180.8,1154.4,1113.4,1107.8,1120.1,1076.3,1104.2,1090.0
"(205, 412, '0')",1,999.0,2779.7,2699.9,2711.1,2688.9,2825.9,2822.0,2805.7,2793.4,2735.9,2782.1,2735.9,2483.4,2361.1,2387.6,2429.0,2434.7,2422.2,2466.4,2438.3,2452.7
"(473, 4, '0')",1,2364.5,-1766.5,-1645.6,-1396.3,-1295.3,-1140.5,-1024.0,-1008.2,-981.5,-923.7,-880.3,-923.7,-778.1,-920.8,-975.1,-1054.4,-1064.0,-1070.4,-1095.0,-1067.7,-1066.0
"(252, 4, '0')",1,2444.0,3305.4,3039.7,2757.9,2513.9,2311.7,2126.6,1985.5,1868.2,1773.2,1742.1,1773.2,1619.0,1761.2,1817.1,1897.1,1906.8,1911.1,1935.4,1910.6,1909.9
"(5, 519, '0')",0,,,,,,,,,,,,,,,,,,,,,
"(5, 35, '0')",0,,,,,,,,,,,,,,,,,,,,,
"(91, 35, '0')",0,,,,,,,,,,,,,,,,,,,,,
"(510, 35, '0')",0,,,,,,,,,,,,,,,,,,,,,
"(6, 539, '0')",0,,,,,,,,,,,,,,,,,,,,,
"(166, 539, '0')",0,,,,,,,,,,,,,,,,,,,,,
"(557, 539, '0')",0,,,,,,,,,,,,,,,,,,,,,
"(6, 17, '0')",0,,,,,,,,,,,,,,,,,,,,,
"(213, 17, '0')",0,,,,,,,,,,,,,,,,,,,,,
"(830, 17, '0')",0,,,,,,,,,,,,,,,,,,,,,
"(865, 17, '0')",0,,,,,,,,,,,,,,,,,,,,,
"(493, 250, '0')",1,2444.0,-1757.5,-973.2,-415.9,-151.9,68.4,224.1,326.8,427.3,532.8,535.5,532.8,394.0,149.5,146.3,294.2,295.4,226.7,348.8,304.8,318.9
"(253, 250, '0')",1,2466.4,3913.8,3129.0,2322.5,1946.4,1790.4,1559.4,1377.4,1240.8,1039.4,1090.4,1039.4,1073.1,1295.1,1267.8,1137.6,1138.9,1203.8,1106.0,1142.7,1132.6
"(7, 559, '0')",0,,,,,,,,,,,,,,,,,,,,,
"(8, 640, '0')",1,1096.0,3685.0,1652.4,1748.4,1277.3,1377.7,1366.1,1230.9,1189.7,1139.8,1209.4,1139.8,3107.9,3027.0,3076.4,3019.8,3013.1,2998.1,2928.3,3017.4,3009.1
"(105, 82, '0')",0,,,,,,,,,,,,,,,,,,,,,
"(105, 23, '0')",0,,,,,,,,,,,,,,,,,,,,,
"(62, 23, '0')",0,,,,,,,,,,,,,,,,,,,,,
"(95, 23, '0')",0,,,,,,,,,,,,,,,,,,,,,
"(9, 708, '0')",0,,,,,,,,,,,,,,,,,,,,,
"(707, 708, '0')",0,,,,,,,,,,,,,,,,,,,,,
"(737, 708, '0')",0,,,,,,,,,,,,,,,,,,,,,
"(9, 1230, '0')",0,,,,,,,,,,,,,,,,,,,,,
"(82, 237, '0')",0,,,,,,,,,,,,,,,,,,,,,
"(144, 237, '0')",0,,,,,,,,,,,,,,,,,,,,,
"(62, 144, '0')",0,,,,,,,,,,,,,,,,,,,,,
"(48, 144, '0')",0,,,,,,,,,,,,,,,,,,,,,
"(57, 55, '0')",0,,,,,,,,,,,,,,,,,,,,,
"(56, 55, '0')",0,,,,,,,,,,,,,,,,,,,,,
"(93, 55, '0')",0,,,,,,,,,,,,,,,,,,,,,
"(580, 142, '0')",1,2931.0,-1035.9,-1035.9,-1035.9,-1035.9,-1035.9,-1035.9,-1035.9,-1035.9,-1035.9,-1035.9,-1035.9,-1035.9,-1035.9,-1035.9,-1035.9,-1035.9,-1035.9,-1035.9,-1035.9,-1035.9
"(12, 77, '0')",1,111.0,3423.5,3067.5,2932.0,2848.1,2872.2,2826.7,2780.7,2781.0,2741.0,2774.3,2741.0,2730.2,2854.7,2859.3,2901.8,2902.8,2902.0,2905.4,2903.6,2904.7
"(143, 579, '0')",1,2266.0,18.3,18.3,18.3,18.3,18.3,18.3,18.3,18.3,18.3,18.3,18.3,18.3,18.3,18.3,18.3,18.3,18.3,18.3,18.3,18.3
"(1217, 10, '0')",0,,,,,,,,,,,,,,,,,,,,,
"(561, 10, '0')",0,,,,,,,,,,,,,,,,,,,,,
"(1217, 1196, '0')",0,,,,,,,,,,,,,,,,,,,,,
"(14, 414, '0')",0,,,,,,,,,,,,,,,,,,,,,
"(577, 580, '0')",0,,,,,,,,,,,,,,,,,,,,,
"(15, 14, '0')",0,,,,,,,,,,,,,,,,,,,,,
"(579, 647, '0')",0,,,,,,,,,,,,,,,,,,,,,
"(16, 221, '0')",0,,,,,,,,,,,,,,,,,,,,,
"(873, 221, '0')",0,,,,,,,,,,,,,,,,,,,,,
"(904, 221, '0')",0,,,,,,,,,,,,,,,,,,,,,
"(1308, 221, '0')",0,,,,,,,,,,,,,,,,,,,,,
"(16, 895, '0')",0,,,,,,,,,,,,,,,,,,,,,
"(111, 895, '0')",0,,,,,,,,,,,,,,,,,,,,,
"(17, 1250, '0')",0,,,,,,,,,,,,,,,,,,,,,
"(1252, 1250, '0')",0,,,,,,,,,,,,,,,,,,,,,
"(570, 1250, '0')",0,,,,,,,,,,,,,,,,,,,,,
"(17, 6, '0')",0,,,,,,,,,,,,,,,,,,,,,
"(539, 6, '0')",0,,,,,,,,,,,,,,,,,,,,,
"(17, 1275, '0')",0,,,,,,,,,,,,,,,,,,,,,
"(17, 213, '0')",0,,,,,,,,,,,,,,,,,,,,,
"(847, 213, '0')",0,,,,,,,,,,,,,,,,,,,,,
"(712, 728, '0')",0,,,,,,,,,,,,,,,,,,,,,
"(712, 706, '0')",0,,,,,,,,,,,,,,,,,,,,,
"(703, 706, '0')",0,,,,,,,,,,,,,,,,,,,,,
"(715, 706, '0')",0,,,,,,,,,,,,,,,,,,,,,
"(717, 706, '0')",0,,,,,,,,,,,,,,,,,,,,,
"(729, 712, '0')",0,,,,,,,,,,,,,,,,,,,,,
"(706, 712, '0')",0,,,,,,,,,,,,,,,,,,,,,
"(70, 147, '0')",1,1926.5,-1253.1,-844.7,-910.0,-988.9,-1030.5,-1076.7,-1106.5,-1119.5,-1138.4,-1146.4,-1138.4,-1263.7,-1256.8,-1242.1,-1207.1,-1204.9,-1203.2,-1200.6,-1216.8,-1215.2
"(18, 1303, '0')",0,,,,,,,,,,,,,,,,,,,,,
"(34, 1303, '0')",0,,,,,,,,,,,,,,,,,,,,,
"(18, 5, '0')",0,,,,,,,,,,,,,,,,,,,,,
"(150, 32, '0')",0,,,,,,,,,,,,,,,,,,,,,
"(150, 287, '0')",0,,,,,,,,,,,,,,,,,,,,,
"(560, 238, '0')",0,,,,,,,,,,,,,,,,,,,,,
"(19, 309, '0')",1,4807.0,257.3,169.2,-22.6,-232.6,-325.0,-409.0,-549.6,-564.3,-598.4,-568.0,-598.4,-624.0,-507.6,-463.7,-455.8,-455.2,-419.5,-418.1,-418.5,-417.2
"(135, 309, '0')",0,,,,,,,,,,,,,,,,,,,,,
"(558, 115, '0')",1,1330.0,467.5,583.9,514.7,412.5,310.4,167.1,120.1,71.6,39.7,32.5,39.7,-145.8,-161.3,-125.4,-90.7,-91.0,-88.5,-73.8,-92.2,-89.2
"(10, 1217, '0')",0,,,,,,,,,,,,,,,,,,,,,
"(1214, 1217, '0')",0,,,,,,,,,,,,,,,,,,,,,
"(1216, 1217, '0')",0,,,,,,,,,,,,,,,,,,,,,
"(10, 1285, '0')",0,,,,,,,,,,,,,,,,,,,,,
"(127, 555, '0')",0,,,,,,,,,,,,,,,,,,,,,
"(1555, 1730, '0')",0,,,,,,,,,,,,,,,,,,,,,
"(22, 76, '0')",0,,,,,,,,,,,,,,,,,,,,,
"(23, 57, '0')",0,,,,,,,,,,,,,,,,,,,,,
"(23, 7, '0')",0,,,,,,,,,,,,,,,,,,,,,
"(1554, 1729, '0')",0,,,,,,,,,,,,,,,,,,,,,
"(545, 557, '0')",0,,,,,,,,,,,,,,,,,,,,,
"(41, 548, '0')",1,1698.0,-417.9,-116.2,-262.7,-280.4,-369.2,-306.1,-360.9,-364.1,-404.2,-371.6,-404.2,-671.0,-729.2,-712.1,-667.2,-671.2,-668.4,-634.1,-656.0,-652.1
"(373, 668, '0')",0,,,,,,,,,,,,,,,,,,,,,
"(30, 668, '0')",0,,,,,,,,,,,,,,,,,,,,,
"(672, 551, '0')",0,,,,,,,,,,,,,,,,,,,,,
"(527, 524, '0')",0,,,,,,,,,,,,,,,,,,,,,
"(25, 27, '0')",0,,,,,,,,,,,,,,,,,,,,,
"(446, 27, '0')",0,,,,,,,,,,,,,,,,,,,,,
"(670, 27, '0')",0,,,,,,,,,,,,,,,,,,,,,
"(26, 37, '0')",0,,,,,,,,,,,,,,,,,,,,,
"(225, 37, '0')",0,,,,,,,,,,,,,,,,,,,,,
"(503, 37, '0')",0,,,,,,,,,,,,,,,,,,,,,
"(514, 517, '0')",0,,,,,,,,,,,,,,,,,,,,,
"(27, 447, '0')",0,,,,,,,,,,,,,,,,,,,,,
"(27, 670, '0')",0,,,,,,,,,,,,,,,,,,,,,
"(29, 670, '0')",0,,,,,,,,,,,,,,,,,,,,,
"(27, 452, '0')",1,2179.5,-1448.4,-1512.4,-1505.9,-1561.7,-1486.2,-1458.4,-1409.9,-1441.5,-1557.1,-1472.3,-1557.1,-1112.5,-1110.0,-1163.8,-1260.9,-1267.7,-1265.5,-1301.6,-1276.8,-1275.5
"(534, 537, '0')",0,,,,,,,,,,,,,,,,,,,,,
"(513, 510, '0')",0,,,,,,,,,,,,,,,,,,,,,
"(11, 1048, '0')",0,,,,,,,,,,,,,,,,,,,,,
"(451, 1048, '0')",0,,,,,,,,,,,,,,,,,,,,,
"(29, 1041, '0')",0,,,,,,,,,,,,,,,,,,,,,
"(29, 1045, '0')",0,,,,,,,,,,,,,,,,,,,,,
"(29, 451, '0')",0,,,,,,,,,,,,,,,,,,,,,
"(1048, 451, '0')",0,,,,,,,,,,,,,,,,,,,,,
"(529, 532, '0')",0,,,,,,,,,,,,,,,,,,,,,
"(519, 522, '0')",0,,,,,,,,,,,,,,,,,,,,,
"(498, 501, '0')",1,2332.5,946.1,546.9,138.9,-118.1,-277.8,-406.7,-534.1,-639.0,-754.9,-736.5,-754.9,-1072.5,-1028.9,-969.1,-868.7,-858.4,-884.5,-823.0,-852.9,-837.1
"(348, 350, '0')",0,,,,,,,,,,,,,,,,,,,,,
"(110, 131, '0')",0,,,,,,,,,,,,,,,,,,,,,
"(287, 131, '0')",0,,,,,,,,,,,,,,,,,,,,,
"(110, 106, '0')",0,,,,,,,,,,,,,,,,,,,,,
"(32, 106, '0')",0,,,,,,,,,,,,,,,,,,,,,
"(107, 106, '0')",0,,,,,,,,,,,,,,,,,,,,,
"(471, 473, '0')",1,2364.5,-1766.5,-1645.6,-1396.3,-1295.3,-1140.5,-1024.0,-1008.2,-981.5,-923.7,-880.3,-923.7,-778.1,-920.8,-975.1,-1054.4,-1064.0,-1070.4,-1095.0,-1067.7,-1066.0
"(33, 840, '0')",0,,,,,,,,,,,,,,,,,,,,,
"(839, 840, '0')",0,,,,,,,,,,,,,,,,,,,,,
"(853, 840, '0')",0,,,,,,,,,,,,,,,,,,,,,
"(854, 840, '0')",0,,,,,,,,,,,,,,,,,,,,,
"(33, 209, '0')",0,,,,,,,,,,,,,,,,,,,,,
"(222, 209, '0')",0,,,,,,,,,,,,,,,,,,,,,
"(542, 209, '0')",0,,,,,,,,,,,,,,,,,,,,,
"(34, 1305, '0')",0,,,,,,,,,,,,,,,,,,,,,
"(1304, 1305, '0')",0,,,,,,,,,,,,,,,,,,,,,
"(34, 893, '0')",0,,,,,,,,,,,,,,,,,,,,,
"(34, 1515, '0')",0,,,,,,,,,,,,,,,,,,,,,
"(488, 486, '0')",1,1903.5,-954.4,-394.3,278.7,460.7,650.9,746.6,853.5,888.6,942.1,971.2,942.1,756.2,528.4,521.0,654.6,653.6,586.7,668.4,635.9,648.4
"(464, 461, '0')",1,1861.0,-571.1,-364.1,-392.4,-364.2,-128.9,-105.2,-128.8,-134.0,-166.5,-112.1,-166.5,-143.0,-249.2,-280.7,-324.8,-329.6,-333.1,-344.3,-331.4,-326.7
"(35, 130, '0')",0,,,,,,,,,,,,,,,,,,,,,
"(35, 91, '0')",0,,,,,,,,,,,,,,,,,,,,,
"(1306, 91, '0')",0,,,,,,,,,,,,,,,,,,,,,
"(491, 493, '0')",1,1933.0,-1246.5,-462.2,95.1,359.1,579.4,735.1,837.8,938.3,1043.8,1046.5,1043.8,905.0,660.5,657.3,805.2,806.4,737.7,859.8,815.8,829.9
"(477, 479, '0')",0,,,,,,,,,,,,,,,,,,,,,
"(36, 498, '0')",1,2080.0,1198.6,799.4,391.4,134.4,-25.3,-154.2,-281.6,-386.5,-502.4,-484.0,-502.4,-820.0,-776.4,-716.6,-616.2,-605.9,-632.0,-570.5,-600.4,-584.6
"(36, 26, '0')",0,,,,,,,,,,,,,,,,,,,,,
"(36, 40, '0')",0,,,,,,,,,,,,,,,,,,,,,
"(495, 40, '0')",0,,,,,,,,,,,,,,,,,,,,,
"(483, 484, '0')",0,,,,,,,,,,,,,,,,,,,,,
"(452, 673, '0')",1,1781.0,-1049.9,-1113.9,-1107.4,-1163.2,-1087.7,-1059.9,-1011.4,-1043.0,-1158.6,-1073.8,-1158.6,-714.0,-711.5,-765.3,-862.4,-869.2,-867.0,-903.1,-878.3,-877.0
"(37, 225, '0')",0,,,,,,,,,,,,,,,,,,,,,
"(1364, 225, '0')",0,,,,,,,,,,,,,,,,,,,,,
"(37, 97, '0')",0,,,,,,,,,,,,,,,,,,,,,
"(37, 247, '0')",1,2206.0,-98.5,143.6,72.6,-31.3,136.8,91.0,45.4,41.0,24.6,67.0,24.6,155.3,111.8,93.0,14.8,6.3,-2.1,-23.3,5.8,2.0
"(245, 247, '0')",1,1419.5,3235.6,3012.1,2785.4,2692.1,2571.8,2444.7,2331.3,2220.6,2138.4,2123.7,2138.4,1970.7,2012.1,2035.5,2122.6,2132.7,2139.7,2167.1,2133.7,2139.8
"(119, 216, '0')",0,,,,,,,,,,,,,,,,,,,,,
"(46, 216, '0')",0,,,,,,,,,,,,,,,,,,,,,
"(119, 118, '0')",0,,,,,,,,,,,,,,,,,,,,,
"(124, 118, '0')",0,,,,,,,,,,,,,,,,,,,,,
"(555, 118, '0')",0,,,,,,,,,,,,,,,,,,,,,
"(24, 446, '0')",0,,,,,,,,,,,,,,,,,,,,,
"(38, 39, '0')",1,1908.5,-625.4,-682.0,-522.8,-455.7,-410.7,-395.4,-380.1,-456.0,-459.0,-477.3,-459.0,-442.1,-559.0,-601.3,-608.5,-609.0,-646.8,-648.4,-645.6,-645.8
"(424, 381, '0')",0,,,,,,,,,,,,,,,,,,,,,
"(618, 620, '0')",1,1550.0,762.0,762.0,762.0,762.0,762.0,762.0,762.0,762.0,762.0,762.0,762.0,762.0,762.0,762.0,762.0,762.0,762.0,762.0,762.0,762.0
"(417, 419, '0')",0,,,,,,,,,,,,,,,,,,,,,
"(39, 444, '0')",1,1908.5,-625.4,-682.0,-522.8,-455.7,-410.7,-395.4,-380.1,-456.0,-459.0,-477.3,-459.0,-442.1,-559.0,-601.3,-608.5,-609.0,-646.8,-648.4,-645.6,-645.8
"(447, 444, '0')",0,,,,,,,,,,,,,,,,,,,,,
"(448, 444, '0')",0,,,,,,,,,,,,,,,,,,,,,
"(40, 36, '0')",0,,,,,,,,,,,,,,,,,,,,,
"(497, 36, '0')",0,,,,,,,,,,,,,,,,,,,,,
"(97, 36, '0')",0,,,,,,,,,,,,,,,,,,,,,
"(40, 495, '0')",0,,,,,,,,,,,,,,,,,,,,,
"(224, 495, '0')",0,,,,,,,,,,,,,,,,,,,,,
"(909, 495, '0')",0,,,,,,,,,,,,,,,,,,,,,
"(939, 495, '0')",0,,,,,,,,,,,,,,,,,,,,,
"(657, 652, '0')",0,,,,,,,,,,,,,,,,,,,,,
"(392, 393, '0')",0,,,,,,,,,,,,,,,,,,,,,
"(21, 187, '0')",0,,,,,,,,,,,,,,,,,,,,,
"(624, 621, '0')",1,1711.0,-672.1,-672.1,-672.1,-672.1,-672.1,-672.1,-672.1,-672.1,-672.1,-672.1,-672.1,-672.1,-672.1,-672.1,-672.1,-672.1,-672.1,-672.1,-672.1,-672.1
"(288, 133, '0')",1,1711.0,-158.2,-158.2,-158.2,-158.2,-158.2,-158.2,-158.2,-158.2,-158.2,-158.2,-158.2,-158.2,-158.2,-158.2,-158.2,-158.2,-158.2,-158.2,-158.2,-158.2
"(43, 179, '0')",0,,,,,,,,,,,,,,,,,,,,,
"(320, 179, '0')",0,,,,,,,,,,,,,,,,,,,,,
"(649, 654, '0')",0,,,,,,,,,,,,,,,,,,,,,
"(44, 177, '0')",1,3224.0,909.9,909.9,909.9,909.9,909.9,909.9,909.9,909.9,909.9,909.9,909.9,909.9,909.9,909.9,909.9,909.9,909.9,909.9,909.9,909.9
"(654, 603, '0')",0,,,,,,,,,,,,,,,,,,,,,
"(601, 603, '0')",0,,,,,,,,,,,,,,,,,,,,,
"(45, 214, '0')",1,2349.2,1941.3,2086.0,1918.7,1718.9,1579.1,1454.6,1424.0,1380.7,1343.7,1337.0,1343.7,1185.2,1111.1,1140.2,1181.1,1190.5,1196.0,1225.5,1197.5,1200.1
"(295, 299, '0')",0,,,,,,,,,,,,,,,,,,,,,
"(47, 150, '0')",1,2607.0,-123.3,798.0,525.5,398.5,284.2,187.4,121.0,71.9,22.1,8.7,22.1,-132.5,-179.9,-200.1,-199.5,-194.0,-196.9,-211.0,-219.7,-219.3
"(312, 320, '0')",0,,,,,,,,,,,,,,,,,,,,,
"(324, 307, '0')",0,,,,,,,,,,,,,,,,,,,,,
"(49, 146, '0')",1,766.0,2752.8,2947.9,2672.9,2520.4,2388.2,2332.8,2252.5,2216.2,2159.4,2147.7,2159.4,2500.6,2502.2,2515.7,2559.1,2559.7,2561.9,2566.9,2550.4,2552.9
"(326, 328, '0')",0,,,,,,,,,,,,,,,,,,,,,
"(208, 68, '0')",0,,,,,,,,,,,,,,,,,,,,,
"(1, 68, '0')",0,,,,,,,,,,,,,,,,,,,,,
"(50, 219, '0')",0,,,,,,,,,,,,,,,,,,,,,
"(68, 303, '0')",1,837.0,1154.5,2643.4,2539.8,2400.0,2170.2,2225.4,2348.7,2371.1,2340.3,2240.2,2340.3,1211.3,1198.4,1166.4,1154.2,1161.5,1162.1,1181.0,1162.7,1167.2
"(77, 303, '0')",1,1487.0,2047.5,1691.5,1556.0,1472.1,1496.2,1450.7,1404.7,1405.0,1365.0,1398.3,1365.0,1354.2,1478.7,1483.3,1525.8,1526.8,1526.0,1529.4,1527.6,1528.7
"(51, 64, '0')",1,1311.5,498.8,1011.8,804.6,756.4,683.7,633.1,596.5,560.4,529.5,524.1,529.5,500.2,445.9,411.0,376.7,379.9,375.3,358.6,366.1,364.9
"(147, 64, '0')",1,1926.5,-1253.1,-844.7,-910.0,-988.9,-1030.5,-1076.7,-1106.5,-1119.5,-1138.4,-1146.4,-1138.4,-1263.7,-1256.8,-1242.1,-1207.1,-1204.9,-1203.2,-1200.6,-1216.8,-1215.2
"(52, 12, '0')",0,,,,,,,,,,,,,,,,,,,,,
"(65, 293, '0')",0,,,,,,,,,,,,,,,,,,,,,
"(13, 2, '0')",0,,,,,,,,,,,,,,,,,,,,,
"(1089, 1088, '0')",0,,,,,,,,,,,,,,,,,,,,,
"(1062, 1088, '0')",0,,,,,,,,,,,,,,,,,,,,,
"(640, 1089, '0')",0,,,,,,,,,,,,,,,,,,,,,
"(640, 638, '0')",0,,,,,,,,,,,,,,,,,,,,,
"(1088, 1094, '0')",0,,,,,,,,,,,,,,,,,,,,,
"(1088, 1091, '0')",0,,,,,,,,,,,,,,,,,,,,,
"(1062, 1091, '0')",0,,,,,,,,,,,,,,,,,,,,,
"(1088, 1062, '0')",0,,,,,,,,,,,,,,,,,,,,,
"(1083, 1062, '0')",0,,,,,,,,,,,,,,,,,,,,,
"(1433, 1062, '0')",0,,,,,,,,,,,,,,,,,,,,,
"(1097, 1101, '0')",0,,,,,,,,,,,,,,,,,,,,,
"(1097, 1099, '0')",0,,,,,,,,,,,,,,,,,,,,,
"(1084, 1099, '0')",0,,,,,,,,,,,,,,,,,,,,,
"(1097, 1084, '0')",0,,,,,,,,,,,,,,,,,,,,,
"(1086, 1084, '0')",0,,,,,,,,,,,,,,,,,,,,,
"(1113, 1084, '0')",0,,,,,,,,,,,,,,,,,,,,,
"(55, 0, '0')",0,,,,,,,,,,,,,,,,,,,,,
"(55, 62, '0')",0,,,,,,,,,,,,,,,,,,,,,
"(606, 59, '0')",0,,,,,,,,,,,,,,,,,,,,,
"(883, 59, '0')",0,,,,,,,,,,,,,,,,,,,,,
"(56, 70, '0')",1,1926.5,-1253.1,-844.7,-910.0,-988.9,-1030.5,-1076.7,-1106.5,-1119.5,-1138.4,-1146.4,-1138.4,-1263.7,-1256.8,-1242.1,-1207.1,-1204.9,-1203.2,-1200.6,-1216.8,-1215.2
"(59, 1501, '0')",0,,,,,,,,,,,,,,,,,,,,,
"(59, 883, '0')",0,,,,,,,,,,,,,,,,,,,,,
"(60, 883, '0')",0,,,,,,,,,,,,,,,,,,,,,
"(841, 883, '0')",0,,,,,,,,,,,,,,,,,,,,,
"(1284, 883, '0')",0,,,,,,,,,,,,,,,,,,,,,
"(784, 777, '0')",0,,,,,,,,,,,,,,,,,,,,,
"(787, 777, '0')",0,,,,,,,,,,,,,,,,,,,,,
"(784, 785, '0')",0,,,,,,,,,,,,,,,,,,,,,
"(366, 785, '0')",0,,,,,,,,,,,,,,,,,,,,,
"(784, 786, '0')",0,,,,,,,,,,,,,,,,,,,,,
"(364, 786, '0')",0,,,,,,,,,,,,,,,,,,,,,
"(784, 775, '0')",0,,,,,,,,,,,,,,,,,,,,,
"(755, 775, '0')",0,,,,,,,,,,,,,,,,,,,,,
"(1553, 1728, '0')",0,,,,,,,,,,,,,,,,,,,,,
"(777, 784, '0')",0,,,,,,,,,,,,,,,,,,,,,
"(785, 784, '0')",0,,,,,,,,,,,,,,,,,,,,,
"(786, 784, '0')",0,,,,,,,,,,,,,,,,,,,,,
"(775, 784, '0')",0,,,,,,,,,,,,,,,,,,,,,
"(777, 787, '0')",0,,,,,,,,,,,,,,,,,,,,,
"(770, 787, '0')",0,,,,,,,,,,,,,,,,,,,,,
"(785, 1330, '0')",0,,,,,,,,,,,,,,,,,,,,,
"(786, 1323, '0')",0,,,,,,,,,,,,,,,,,,,,,
"(1232, 20, '0')",0,,,,,,,,,,,,,,,,,,,,,
"(563, 20, '0')",0,,,,,,,,,,,,,,,,,,,,,
"(1232, 1231, '0')",0,,,,,,,,,,,,,,,,,,,,,
"(20, 1232, '0')",0,,,,,,,,,,,,,,,,,,,,,
"(1228, 1232, '0')",0,,,,,,,,,,,,,,,,,,,,,
"(1233, 1232, '0')",0,,,,,,,,,,,,,,,,,,,,,
"(20, 1392, '0')",0,,,,,,,,,,,,,,,,,,,,,
"(564, 31, '0')",0,,,,,,,,,,,,,,,,,,,,,
"(1227, 31, '0')",0,,,,,,,,,,,,,,,,,,,,,
"(31, 1393, '0')",0,,,,,,,,,,,,,,,,,,,,,
"(31, 1227, '0')",0,,,,,,,,,,,,,,,,,,,,,
"(1237, 1227, '0')",0,,,,,,,,,,,,,,,,,,,,,
"(1557, 1732, '0')",0,,,,,,,,,,,,,,,,,,,,,
"(183, 330, '0')",1,2758.0,228.8,228.8,228.8,228.8,228.8,228.8,228.8,228.8,228.8,228.8,228.8,228.8,228.8,228.8,228.8,228.8,228.8,228.8,228.8,228.8
"(183, 676, '0')",1,2733.5,1400.4,1400.4,1400.4,1400.4,1400.4,1400.4,1400.4,1400.4,1400.4,1400.4,1400.4,1400.4,1400.4,1400.4,1400.4,1400.4,1400.4,1400.4,1400.4,1400.4
"(497, 248, '0')",0,,,,,,,,,,,,,,,,,,,,,
"(1227, 1228, '0')",0,,,,,,,,,,,,,,,,,,,,,
"(64, 75, '0')",0,,,,,,,,,,,,,,,,,,,,,
"(333, 332, '0')",1,1952.0,973.5,973.5,973.5,973.5,973.5,973.5,973.5,973.5,973.5,973.5,973.5,973.5,973.5,973.5,973.5,973.5,973.5,973.5,973.5,973.5
"(169, 332, '0')",1,1573.0,1222.7,1222.7,1222.7,1222.7,1222.7,1222.7,1222.7,1222.7,1222.7,1222.7,1222.7,1222.7,1222.7,1222.7,1222.7,1222.7,1222.7,1222.7,1222.7,1222.7
"(66, 818, '0')",0,,,,,,,,,,,,,,,,,,,,,
"(323, 818, '0')",0,,,,,,,,,,,,,,,,,,,,,
"(66, 206, '0')",0,,,,,,,,,,,,,,,,,,,,,
"(569, 206, '0')",0,,,,,,,,,,,,,,,,,,,,,
"(744, 206, '0')",0,,,,,,,,,,,,,,,,,,,,,
"(1621, 206, '0')",0,,,,,,,,,,,,,,,,,,,,,
"(1552, 1727, '0')",0,,,,,,,,,,,,,,,,,,,,,
"(1551, 1726, '0')",0,,,,,,,,,,,,,,,,,,,,,
"(1550, 1725, '0')",0,,,,,,,,,,,,,,,,,,,,,
"(1549, 1724, '0')",0,,,,,,,,,,,,,,,,,,,,,
"(920, 924, '0')",0,,,,,,,,,,,,,,,,,,,,,
"(903, 924, '0')",0,,,,,,,,,,,,,,,,,,,,,
"(920, 1522, '0')",0,,,,,,,,,,,,,,,,,,,,,
"(924, 920, '0')",0,,,,,,,,,,,,,,,,,,,,,
"(480, 920, '0')",0,,,,,,,,,,,,,,,,,,,,,
"(924, 903, '0')",0,,,,,,,,,,,,,,,,,,,,,
"(905, 903, '0')",0,,,,,,,,,,,,,,,,,,,,,
"(906, 903, '0')",0,,,,,,,,,,,,,,,,,,,,,
"(921, 903, '0')",0,,,,,,,,,,,,,,,,,,,,,
"(69, 181, '0')",0,,,,,,,,,,,,,,,,,,,,,
"(827, 54, '0')",0,,,,,,,,,,,,,,,,,,,,,
"(573, 54, '0')",0,,,,,,,,,,,,,,,,,,,,,
"(827, 58, '0')",0,,,,,,,,,,,,,,,,,,,,,
"(572, 58, '0')",0,,,,,,,,,,,,,,,,,,,,,
"(827, 825, '0')",0,,,,,,,,,,,,,,,,,,,,,
"(827, 828, '0')",0,,,,,,,,,,,,,,,,,,,,,
"(54, 827, '0')",0,,,,,,,,,,,,,,,,,,,,,
"(58, 827, '0')",0,,,,,,,,,,,,,,,,,,,,,
"(1255, 827, '0')",0,,,,,,,,,,,,,,,,,,,,,
"(1256, 827, '0')",0,,,,,,,,,,,,,,,,,,,,,
"(54, 1396, '0')",0,,,,,,,,,,,,,,,,,,,,,
"(58, 1394, '0')",0,,,,,,,,,,,,,,,,,,,,,
"(883, 60, '0')",0,,,,,,,,,,,,,,,,,,,,,
"(605, 60, '0')",0,,,,,,,,,,,,,,,,,,,,,
"(883, 841, '0')",0,,,,,,,,,,,,,,,,,,,,,
"(868, 841, '0')",0,,,,,,,,,,,,,,,,,,,,,
"(879, 841, '0')",0,,,,,,,,,,,,,,,,,,,,,
"(881, 841, '0')",0,,,,,,,,,,,,,,,,,,,,,
"(883, 1284, '0')",0,,,,,,,,,,,,,,,,,,,,,
"(1281, 1284, '0')",0,,,,,,,,,,,,,,,,,,,,,
"(74, 845, '0')",0,,,,,,,,,,,,,,,,,,,,,
"(109, 845, '0')",0,,,,,,,,,,,,,,,,,,,,,
"(74, 218, '0')",0,,,,,,,,,,,,,,,,,,,,,
"(839, 218, '0')",0,,,,,,,,,,,,,,,,,,,,,
"(843, 218, '0')",0,,,,,,,,,,,,,,,,,,,,,
"(846, 218, '0')",0,,,,,,,,,,,,,,,,,,,,,
"(75, 50, '0')",1,3153.0,-669.3,252.0,-20.5,-147.5,-261.8,-358.6,-425.0,-474.1,-523.9,-537.3,-523.9,-678.5,-725.9,-746.1,-745.5,-740.0,-742.9,-757.0,-765.7,-765.3
"(76, 425, '0')",0,,,,,,,,,,,,,,,,,,,,,
"(76, 698, '0')",0,,,,,,,,,,,,,,,,,,,,,
"(78, 103, '0')",0,,,,,,,,,,,,,,,,,,,,,
"(1548, 1723, '0')",0,,,,,,,,,,,,,,,,,,,,,
"(79, 1026, '0')",0,,,,,,,,,,,,,,,,,,,,,
"(449, 1026, '0')",0,,,,,,,,,,,,,,,,,,,,,
"(1027, 1026, '0')",0,,,,,,,,,,,,,,,,,,,,,
"(1029, 1026, '0')",0,,,,,,,,,,,,,,,,,,,,,
"(60, 1503, '0')",0,,,,,,,,,,,,,,,,,,,,,
"(53, 847, '0')",0,,,,,,,,,,,,,,,,,,,,,
"(213, 847, '0')",0,,,,,,,,,,,,,,,,,,,,,
"(1547, 1722, '0')",0,,,,,,,,,,,,,,,,,,,,,
"(1546, 1721, '0')",0,,,,,,,,,,,,,,,,,,,,,
"(1545, 1720, '0')",0,,,,,,,,,,,,,,,,,,,,,
"(1544, 1719, '0')",0,,,,,,,,,,,,,,,,,,,,,
"(1543, 1718, '0')",0,,,,,,,,,,,,,,,,,,,,,
"(84, 201, '0')",0,,,,,,,,,,,,,,,,,,,,,
"(85, 8, '0')",1,1096.0,3685.0,1652.4,1748.4,1277.3,1377.7,1366.1,1230.9,1189.7,1139.8,1209.4,1139.8,3107.9,3027.0,3076.4,3019.8,3013.1,2998.1,2928.3,3017.4,3009.1
"(1542, 1717, '0')",0,,,,,,,,,,,,,,,,,,,,,
"(1541, 1716, '0')",0,,,,,,,,,,,,,,,,,,,,,
"(1007, 63, '0')",0,,,,,,,,,,,,,,,,,,,,,
"(658, 63, '0')",0,,,,,,,,,,,,,,,,,,,,,
"(1007, 67, '0')",0,,,,,,,,,,,,,,,,,,,,,
"(656, 67, '0')",0,,,,,,,,,,,,,,,,,,,,,
"(1007, 1008, '0')",0,,,,,,,,,,,,,,,,,,,,,
"(984, 1008, '0')",0,,,,,,,,,,,,,,,,,,,,,
"(1007, 1009, '0')",0,,,,,,,,,,,,,,,,,,,,,
"(986, 1009, '0')",0,,,,,,,,,,,,,,,,,,,,,
"(86, 189, '0')",1,3829.0,128.7,-3382.0,-3175.1,-3064.3,-3057.5,-3025.0,-2998.3,-2985.0,-2943.4,-2979.0,-2943.4,131.4,122.0,114.0,79.3,76.1,58.1,8.8,71.7,76.7
"(86, 325, '0')",1,2918.0,-1182.6,231.9,-178.6,-113.1,-588.5,-735.2,-563.8,-576.2,-583.1,-777.2,-583.1,-1412.9,-1405.0,-1391.0,-1356.7,-1342.8,-1332.6,-1279.4,-1340.4,-1330.6
"(87, 228, '0')",1,1956.0,839.7,839.7,839.7,839.7,839.7,839.7,839.7,839.7,839.7,839.7,839.7,839.7,839.7,839.7,839.7,839.7,839.7,839.7,839.7,839.7
"(63, 1007, '0')",0,,,,,,,,,,,,,,,,,,,,,
"(67, 1007, '0')",0,,,,,,,,,,,,,,,,,,,,,
"(1008, 1007, '0')",0,,,,,,,,,,,,,,,,,,,,,
"(1009, 1007, '0')",0,,,,,,,,,,,,,,,,,,,,,
"(63, 1548, '0')",0,,,,,,,,,,,,,,,,,,,,,
"(67, 1549, '0')",0,,,,,,,,,,,,,,,,,,,,,
"(91, 514, '0')",0,,,,,,,,,,,,,,,,,,,,,
"(91, 1308, '0')",0,,,,,,,,,,,,,,,,,,,,,
"(615, 1308, '0')",0,,,,,,,,,,,,,,,,,,,,,
"(1409, 71, '0')",0,,,,,,,,,,,,,,,,,,,,,
"(655, 71, '0')",0,,,,,,,,,,,,,,,,,,,,,
"(1409, 72, '0')",0,,,,,,,,,,,,,,,,,,,,,
"(653, 72, '0')",0,,,,,,,,,,,,,,,,,,,,,
"(1409, 1021, '0')",0,,,,,,,,,,,,,,,,,,,,,
"(979, 1021, '0')",0,,,,,,,,,,,,,,,,,,,,,
"(1409, 1020, '0')",0,,,,,,,,,,,,,,,,,,,,,
"(481, 1020, '0')",0,,,,,,,,,,,,,,,,,,,,,
"(71, 1409, '0')",0,,,,,,,,,,,,,,,,,,,,,
"(72, 1409, '0')",0,,,,,,,,,,,,,,,,,,,,,
"(1020, 1409, '0')",0,,,,,,,,,,,,,,,,,,,,,
"(1021, 1409, '0')",0,,,,,,,,,,,,,,,,,,,,,
"(71, 1552, '0')",0,,,,,,,,,,,,,,,,,,,,,
"(72, 1553, '0')",0,,,,,,,,,,,,,,,,,,,,,
"(1051, 73, '0')",0,,,,,,,,,,,,,,,,,,,,,
"(679, 73, '0')",0,,,,,,,,,,,,,,,,,,,,,
"(1051, 81, '0')",0,,,,,,,,,,,,,,,,,,,,,
"(678, 81, '0')",0,,,,,,,,,,,,,,,,,,,,,
"(1051, 1441, '0')",0,,,,,,,,,,,,,,,,,,,,,
"(1029, 1441, '0')",0,,,,,,,,,,,,,,,,,,,,,
"(1051, 1442, '0')",0,,,,,,,,,,,,,,,,,,,,,
"(1443, 1442, '0')",0,,,,,,,,,,,,,,,,,,,,,
"(98, 290, '0')",1,1956.0,-1956.0,-1956.0,-1956.0,-1956.0,-1956.0,-1956.0,-1956.0,-1956.0,-1956.0,-1956.0,-1956.0,-1956.0,-1956.0,-1956.0,-1956.0,-1956.0,-1956.0,-1956.0,-1956.0,-1956.0
"(171, 290, '0')",1,1956.0,839.7,839.7,839.7,839.7,839.7,839.7,839.7,839.7,839.7,839.7,839.7,839.7,839.7,839.7,839.7,839.7,839.7,839.7,839.7,839.7
"(73, 1051, '0')",0,,,,,,,,,,,,,,,,,,,,,
"(81, 1051, '0')",0,,,,,,,,,,,,,,,,,,,,,
"(1441, 1051, '0')",0,,,,,,,,,,,,,,,,,,,,,
"(1442, 1051, '0')",0,,,,,,,,,,,,,,,,,,,,,
"(73, 1565, '0')",0,,,,,,,,,,,,,,,,,,,,,
"(100, 30, '0')",0,,,,,,,,,,,,,,,,,,,,,
"(365, 30, '0')",0,,,,,,,,,,,,,,,,,,,,,
"(81, 1564, '0')",0,,,,,,,,,,,,,,,,,,,,,
"(101, 178, '0')",1,2373.0,3248.8,3920.7,3632.0,3458.3,3203.0,3190.8,3258.6,3230.2,3145.6,3033.2,3145.6,2391.7,2375.3,2409.1,2469.8,2473.3,2477.0,2494.4,2475.0,2472.5
"(102, 190, '0')",0,,,,,,,,,,,,,,,,,,,,,
"(103, 195, '0')",0,,,,,,,,,,,,,,,,,,,,,
"(96, 894, '0')",0,,,,,,,,,,,,,,,,,,,,,
"(508, 894, '0')",0,,,,,,,,,,,,,,,,,,,,,
"(1462, 89, '0')",0,,,,,,,,,,,,,,,,,,,,,
"(997, 89, '0')",0,,,,,,,,,,,,,,,,,,,,,
"(1462, 90, '0')",0,,,,,,,,,,,,,,,,,,,,,
"(1001, 90, '0')",0,,,,,,,,,,,,,,,,,,,,,
"(1462, 1133, '0')",0,,,,,,,,,,,,,,,,,,,,,
"(1110, 1133, '0')",0,,,,,,,,,,,,,,,,,,,,,
"(1462, 1131, '0')",0,,,,,,,,,,,,,,,,,,,,,
"(1123, 1131, '0')",0,,,,,,,,,,,,,,,,,,,,,
"(89, 1462, '0')",0,,,,,,,,,,,,,,,,,,,,,
"(90, 1462, '0')",0,,,,,,,,,,,,,,,,,,,,,
"(1131, 1462, '0')",0,,,,,,,,,,,,,,,,,,,,,
"(1133, 1462, '0')",0,,,,,,,,,,,,,,,,,,,,,
"(89, 1587, '0')",0,,,,,,,,,,,,,,,,,,,,,
"(106, 107, '0')",0,,,,,,,,,,,,,,,,,,,,,
"(158, 107, '0')",0,,,,,,,,,,,,,,,,,,,,,
"(106, 558, '0')",1,1330.0,467.5,583.9,514.7,412.5,310.4,167.1,120.1,71.6,39.7,32.5,39.7,-145.8,-161.3,-125.4,-90.7,-91.0,-88.5,-73.8,-92.2,-89.2
"(106, 119, '0')",0,,,,,,,,,,,,,,,,,,,,,
"(107, 158, '0')",0,,,,,,,,,,,,,,,,,,,,,
"(817, 158, '0')",0,,,,,,,,,,,,,,,,,,,,,
"(90, 1588, '0')",0,,,,,,,,,,,,,,,,,,,,,
"(1540, 1715, '0')",0,,,,,,,,,,,,,,,,,,,,,
"(1539, 1714, '0')",0,,,,,,,,,,,,,,,,,,,,,
"(1245, 835, '0')",0,,,,,,,,,,,,,,,,,,,,,
"(808, 835, '0')",0,,,,,,,,,,,,,,,,,,,,,
"(1245, 1241, '0')",0,,,,,,,,,,,,,,,,,,,,,
"(833, 1241, '0')",0,,,,,,,,,,,,,,,,,,,,,
"(565, 1241, '0')",0,,,,,,,,,,,,,,,,,,,,,
"(1245, 1401, '0')",0,,,,,,,,,,,,,,,,,,,,,
"(835, 1245, '0')",0,,,,,,,,,,,,,,,,,,,,,
"(1241, 1245, '0')",0,,,,,,,,,,,,,,,,,,,,,
"(566, 1245, '0')",0,,,,,,,,,,,,,,,,,,,,,
"(835, 808, '0')",0,,,,,,,,,,,,,,,,,,,,,
"(810, 808, '0')",0,,,,,,,,,,,,,,,,,,,,,
"(811, 808, '0')",0,,,,,,,,,,,,,,,,,,,,,
"(838, 808, '0')",0,,,,,,,,,,,,,,,,,,,,,
"(1473, 92, '0')",0,,,,,,,,,,,,,,,,,,,,,
"(1093, 92, '0')",0,,,,,,,,,,,,,,,,,,,,,
"(1473, 94, '0')",0,,,,,,,,,,,,,,,,,,,,,
"(1095, 94, '0')",0,,,,,,,,,,,,,,,,,,,,,
"(1473, 1474, '0')",0,,,,,,,,,,,,,,,,,,,,,
"(914, 1474, '0')",0,,,,,,,,,,,,,,,,,,,,,
"(1473, 1475, '0')",0,,,,,,,,,,,,,,,,,,,,,
"(915, 1475, '0')",0,,,,,,,,,,,,,,,,,,,,,
"(92, 1473, '0')",0,,,,,,,,,,,,,,,,,,,,,
"(94, 1473, '0')",0,,,,,,,,,,,,,,,,,,,,,
"(1474, 1473, '0')",0,,,,,,,,,,,,,,,,,,,,,
"(1475, 1473, '0')",0,,,,,,,,,,,,,,,,,,,,,
"(92, 1610, '0')",0,,,,,,,,,,,,,,,,,,,,,
"(94, 1611, '0')",0,,,,,,,,,,,,,,,,,,,,,
"(115, 45, '0')",1,1330.0,467.5,583.9,514.7,412.5,310.4,167.1,120.1,71.6,39.7,32.5,39.7,-145.8,-161.3,-125.4,-90.7,-91.0,-88.5,-73.8,-92.2,-89.2
"(131, 45, '0')",1,1370.0,1123.0,1151.3,1053.2,955.6,917.9,936.8,953.2,958.3,953.2,953.7,953.2,980.1,921.6,914.9,921.0,930.8,933.7,948.5,938.9,938.5
"(1353, 112, '0')",0,,,,,,,,,,,,,,,,,,,,,
"(625, 112, '0')",0,,,,,,,,,,,,,,,,,,,,,
"(1353, 113, '0')",0,,,,,,,,,,,,,,,,,,,,,
"(627, 113, '0')",0,,,,,,,,,,,,,,,,,,,,,
"(1353, 1352, '0')",0,,,,,,,,,,,,,,,,,,,,,
"(1358, 1352, '0')",0,,,,,,,,,,,,,,,,,,,,,
"(1353, 1351, '0')",0,,,,,,,,,,,,,,,,,,,,,
"(1354, 1351, '0')",0,,,,,,,,,,,,,,,,,,,,,
"(112, 1353, '0')",0,,,,,,,,,,,,,,,,,,,,,
"(113, 1353, '0')",0,,,,,,,,,,,,,,,,,,,,,
"(1351, 1353, '0')",0,,,,,,,,,,,,,,,,,,,,,
"(1352, 1353, '0')",0,,,,,,,,,,,,,,,,,,,,,
"(112, 1528, '0')",0,,,,,,,,,,,,,,,,,,,,,
"(118, 560, '0')",0,,,,,,,,,,,,,,,,,,,,,
"(118, 110, '0')",0,,,,,,,,,,,,,,,,,,,,,
"(118, 124, '0')",0,,,,,,,,,,,,,,,,,,,,,
"(128, 124, '0')",0,,,,,,,,,,,,,,,,,,,,,
"(113, 1527, '0')",0,,,,,,,,,,,,,,,,,,,,,
"(1538, 1713, '0')",0,,,,,,,,,,,,,,,,,,,,,
"(1430, 114, '0')",0,,,,,,,,,,,,,,,,,,,,,
"(730, 114, '0')",0,,,,,,,,,,,,,,,,,,,,,
"(1430, 120, '0')",0,,,,,,,,,,,,,,,,,,,,,
"(731, 120, '0')",0,,,,,,,,,,,,,,,,,,,,,
"(1430, 1107, '0')",0,,,,,,,,,,,,,,,,,,,,,
"(1105, 1107, '0')",0,,,,,,,,,,,,,,,,,,,,,
"(1430, 1108, '0')",0,,,,,,,,,,,,,,,,,,,,,
"(1177, 1108, '0')",0,,,,,,,,,,,,,,,,,,,,,
"(1416, 116, '0')",0,,,,,,,,,,,,,,,,,,,,,
"(674, 116, '0')",0,,,,,,,,,,,,,,,,,,,,,
"(1416, 117, '0')",0,,,,,,,,,,,,,,,,,,,,,
"(661, 117, '0')",0,,,,,,,,,,,,,,,,,,,,,
"(1416, 1057, '0')",0,,,,,,,,,,,,,,,,,,,,,
"(1416, 1064, '0')",0,,,,,,,,,,,,,,,,,,,,,
"(1077, 1064, '0')",0,,,,,,,,,,,,,,,,,,,,,
"(116, 1416, '0')",0,,,,,,,,,,,,,,,,,,,,,
"(117, 1416, '0')",0,,,,,,,,,,,,,,,,,,,,,
"(1058, 1416, '0')",0,,,,,,,,,,,,,,,,,,,,,
"(1077, 1416, '0')",0,,,,,,,,,,,,,,,,,,,,,
"(116, 1563, '0')",0,,,,,,,,,,,,,,,,,,,,,
"(117, 1562, '0')",0,,,,,,,,,,,,,,,,,,,,,
"(124, 128, '0')",0,,,,,,,,,,,,,,,,,,,,,
"(159, 128, '0')",0,,,,,,,,,,,,,,,,,,,,,
"(804, 128, '0')",0,,,,,,,,,,,,,,,,,,,,,
"(826, 128, '0')",0,,,,,,,,,,,,,,,,,,,,,
"(114, 1430, '0')",0,,,,,,,,,,,,,,,,,,,,,
"(120, 1430, '0')",0,,,,,,,,,,,,,,,,,,,,,
"(1107, 1430, '0')",0,,,,,,,,,,,,,,,,,,,,,
"(1108, 1430, '0')",0,,,,,,,,,,,,,,,,,,,,,
"(114, 1571, '0')",0,,,,,,,,,,,,,,,,,,,,,
"(120, 1572, '0')",0,,,,,,,,,,,,,,,,,,,,,
"(1537, 1712, '0')",0,,,,,,,,,,,,,,,,,,,,,
"(128, 157, '0')",0,,,,,,,,,,,,,,,,,,,,,
"(128, 1259, '0')",0,,,,,,,,,,,,,,,,,,,,,
"(128, 159, '0')",0,,,,,,,,,,,,,,,,,,,,,
"(823, 159, '0')",0,,,,,,,,,,,,,,,,,,,,,
"(416, 121, '0')",0,,,,,,,,,,,,,,,,,,,,,
"(1090, 121, '0')",0,,,,,,,,,,,,,,,,,,,,,
"(416, 122, '0')",0,,,,,,,,,,,,,,,,,,,,,
"(1087, 122, '0')",0,,,,,,,,,,,,,,,,,,,,,
"(416, 1465, '0')",0,,,,,,,,,,,,,,,,,,,,,
"(1469, 1465, '0')",0,,,,,,,,,,,,,,,,,,,,,
"(416, 1466, '0')",0,,,,,,,,,,,,,,,,,,,,,
"(1468, 1466, '0')",0,,,,,,,,,,,,,,,,,,,,,
"(129, 814, '0')",0,,,,,,,,,,,,,,,,,,,,,
"(813, 814, '0')",0,,,,,,,,,,,,,,,,,,,,,
"(129, 1233, '0')",0,,,,,,,,,,,,,,,,,,,,,
"(129, 817, '0')",0,,,,,,,,,,,,,,,,,,,,,
"(158, 817, '0')",0,,,,,,,,,,,,,,,,,,,,,
"(129, 800, '0')",0,,,,,,,,,,,,,,,,,,,,,
"(121, 416, '0')",0,,,,,,,,,,,,,,,,,,,,,
"(122, 416, '0')",0,,,,,,,,,,,,,,,,,,,,,
"(1465, 416, '0')",0,,,,,,,,,,,,,,,,,,,,,
"(1466, 416, '0')",0,,,,,,,,,,,,,,,,,,,,,
"(121, 1596, '0')",0,,,,,,,,,,,,,,,,,,,,,
"(130, 529, '0')",0,,,,,,,,,,,,,,,,,,,,,
"(130, 18, '0')",0,,,,,,,,,,,,,,,,,,,,,
"(524, 18, '0')",0,,,,,,,,,,,,,,,,,,,,,
"(1303, 18, '0')",0,,,,,,,,,,,,,,,,,,,,,
"(122, 1595, '0')",0,,,,,,,,,,,,,,,,,,,,,
"(132, 46, '0')",0,,,,,,,,,,,,,,,,,,,,,
"(132, 127, '0')",0,,,,,,,,,,,,,,,,,,,,,
"(133, 200, '0')",0,,,,,,,,,,,,,,,,,,,,,
"(652, 200, '0')",0,,,,,,,,,,,,,,,,,,,,,
"(134, 172, '0')",1,1921.5,3799.7,3799.7,3799.7,3799.7,3799.7,3799.7,3799.7,3799.7,3799.7,3799.7,3799.7,3799.7,3799.7,3799.7,3799.7,3799.7,3799.7,3799.7,3799.7,3799.7
"(136, 385, '0')",1,3769.0,1770.8,1816.2,1790.2,1775.5,1776.3,1773.8,1772.5,1771.8,1772.3,1773.9,1772.3,1770.8,1770.9,1771.0,1771.4,1771.5,1771.3,1771.7,1771.5,1771.7
"(1039, 123, '0')",0,,,,,,,,,,,,,,,,,,,,,
"(700, 123, '0')",0,,,,,,,,,,,,,,,,,,,,,
"(1039, 125, '0')",0,,,,,,,,,,,,,,,,,,,,,
"(699, 125, '0')",0,,,,,,,,,,,,,,,,,,,,,
"(1039, 1047, '0')",0,,,,,,,,,,,,,,,,,,,,,
"(1039, 1043, '0')",0,,,,,,,,,,,,,,,,,,,,,
"(123, 1039, '0')",0,,,,,,,,,,,,,,,,,,,,,
"(125, 1039, '0')",0,,,,,,,,,,,,,,,,,,,,,
"(1045, 1039, '0')",0,,,,,,,,,,,,,,,,,,,,,
"(1421, 1039, '0')",0,,,,,,,,,,,,,,,,,,,,,
"(123, 1567, '0')",0,,,,,,,,,,,,,,,,,,,,,
"(125, 1566, '0')",0,,,,,,,,,,,,,,,,,,,,,
"(1338, 126, '0')",0,,,,,,,,,,,,,,,,,,,,,
"(623, 126, '0')",0,,,,,,,,,,,,,,,,,,,,,
"(1338, 137, '0')",0,,,,,,,,,,,,,,,,,,,,,
"(617, 137, '0')",0,,,,,,,,,,,,,,,,,,,,,
"(1338, 1333, '0')",0,,,,,,,,,,,,,,,,,,,,,
"(1338, 916, '0')",0,,,,,,,,,,,,,,,,,,,,,
"(126, 1338, '0')",0,,,,,,,,,,,,,,,,,,,,,
"(137, 1338, '0')",0,,,,,,,,,,,,,,,,,,,,,
"(1337, 1338, '0')",0,,,,,,,,,,,,,,,,,,,,,
"(1339, 1338, '0')",0,,,,,,,,,,,,,,,,,,,,,
"(126, 1526, '0')",0,,,,,,,,,,,,,,,,,,,,,
"(137, 1525, '0')",0,,,,,,,,,,,,,,,,,,,,,
"(142, 61, '0')",0,,,,,,,,,,,,,,,,,,,,,
"(1253, 1490, '0')",0,,,,,,,,,,,,,,,,,,,,,
"(1253, 1252, '0')",0,,,,,,,,,,,,,,,,,,,,,
"(139, 1109, '0')",0,,,,,,,,,,,,,,,,,,,,,
"(1137, 1109, '0')",0,,,,,,,,,,,,,,,,,,,,,
"(1138, 1109, '0')",0,,,,,,,,,,,,,,,,,,,,,
"(1536, 1711, '0')",0,,,,,,,,,,,,,,,,,,,,,
"(145, 49, '0')",0,,,,,,,,,,,,,,,,,,,,,
"(536, 139, '0')",0,,,,,,,,,,,,,,,,,,,,,
"(146, 160, '0')",0,,,,,,,,,,,,,,,,,,,,,
"(146, 48, '0')",0,,,,,,,,,,,,,,,,,,,,,
"(888, 1512, '0')",0,,,,,,,,,,,,,,,,,,,,,
"(888, 874, '0')",0,,,,,,,,,,,,,,,,,,,,,
"(876, 874, '0')",0,,,,,,,,,,,,,,,,,,,,,
"(878, 874, '0')",0,,,,,,,,,,,,,,,,,,,,,
"(886, 874, '0')",0,,,,,,,,,,,,,,,,,,,,,
"(1119, 138, '0')",0,,,,,,,,,,,,,,,,,,,,,
"(996, 138, '0')",0,,,,,,,,,,,,,,,,,,,,,
"(1119, 140, '0')",0,,,,,,,,,,,,,,,,,,,,,
"(995, 140, '0')",0,,,,,,,,,,,,,,,,,,,,,
"(1119, 1460, '0')",0,,,,,,,,,,,,,,,,,,,,,
"(1120, 1460, '0')",0,,,,,,,,,,,,,,,,,,,,,
"(1119, 1461, '0')",0,,,,,,,,,,,,,,,,,,,,,
"(1180, 1461, '0')",0,,,,,,,,,,,,,,,,,,,,,
"(138, 1119, '0')",0,,,,,,,,,,,,,,,,,,,,,
"(140, 1119, '0')",0,,,,,,,,,,,,,,,,,,,,,
"(1460, 1119, '0')",0,,,,,,,,,,,,,,,,,,,,,
"(1461, 1119, '0')",0,,,,,,,,,,,,,,,,,,,,,
"(138, 1583, '0')",0,,,,,,,,,,,,,,,,,,,,,
"(140, 1584, '0')",0,,,,,,,,,,,,,,,,,,,,,
"(149, 145, '0')",0,,,,,,,,,,,,,,,,,,,,,
"(151, 556, '0')",0,,,,,,,,,,,,,,,,,,,,,
"(152, 154, '0')",0,,,,,,,,,,,,,,,,,,,,,
"(153, 132, '0')",1,4138.0,1044.8,1052.9,794.1,615.7,569.6,525.1,421.7,399.1,330.3,365.2,330.3,36.4,-135.7,-142.5,-28.2,-21.7,-38.5,33.4,-8.6,-1.6
"(1624, 1576, '0')",0,,,,,,,,,,,,,,,,,,,,,
"(1624, 1436, '0')",0,,,,,,,,,,,,,,,,,,,,,
"(1625, 1436, '0')",0,,,,,,,,,,,,,,,,,,,,,
"(1437, 1436, '0')",0,,,,,,,,,,,,,,,,,,,,,
"(1439, 1436, '0')",1,2918.0,-2304.5,-2164.2,-2056.1,-2039.4,-1971.9,-1946.3,-1952.4,-1906.4,-1865.6,-1888.0,-1865.6,-2162.7,-2114.1,-2081.4,-2002.0,-1983.1,-1972.6,-1949.7,-1987.4,-1983.9
"(154, 547, '0')",1,1234.5,2140.0,2039.2,1898.9,1765.9,1703.9,1608.2,1583.3,1552.9,1482.1,1488.5,1482.1,1446.6,1364.5,1369.7,1366.6,1363.6,1364.8,1368.0,1373.1,1375.9
"(551, 547, '0')",1,1574.0,548.5,686.6,626.5,484.1,393.2,354.8,280.0,248.2,273.6,250.0,273.6,96.5,211.7,220.1,271.2,285.9,290.3,311.2,283.0,279.7
"(954, 994, '0')",0,,,,,,,,,,,,,,,,,,,,,
"(954, 958, '0')",0,,,,,,,,,,,,,,,,,,,,,
"(1384, 1379, '0')",0,,,,,,,,,,,,,,,,,,,,,
"(947, 1379, '0')",0,,,,,,,,,,,,,,,,,,,,,
"(1384, 949, '0')",0,,,,,,,,,,,,,,,,,,,,,
"(931, 949, '0')",0,,,,,,,,,,,,,,,,,,,,,
"(155, 215, '0')",0,,,,,,,,,,,,,,,,,,,,,
"(532, 215, '0')",0,,,,,,,,,,,,,,,,,,,,,
"(156, 153, '0')",1,4138.0,1044.8,1052.9,794.1,615.7,569.6,525.1,421.7,399.1,330.3,365.2,330.3,36.4,-135.7,-142.5,-28.2,-21.7,-38.5,33.4,-8.6,-1.6
"(1379, 1384, '0')",0,,,,,,,,,,,,,,,,,,,,,
"(949, 1384, '0')",0,,,,,,,,,,,,,,,,,,,,,
"(1379, 947, '0')",0,,,,,,,,,,,,,,,,,,,,,
"(1378, 947, '0')",0,,,,,,,,,,,,,,,,,,,,,
"(648, 947, '0')",0,,,,,,,,,,,,,,,,,,,,,
"(157, 1203, '0')",0,,,,,,,,,,,,,,,,,,,,,
"(1205, 1203, '0')",0,,,,,,,,,,,,,,,,,,,,,
"(1209, 1203, '0')",0,,,,,,,,,,,,,,,,,,,,,
"(157, 1202, '0')",0,,,,,,,,,,,,,,,,,,,,,
"(1207, 1202, '0')",0,,,,,,,,,,,,,,,,,,,,,
"(1210, 1202, '0')",0,,,,,,,,,,,,,,,,,,,,,
"(1535, 1710, '0')",0,,,,,,,,,,,,,,,,,,,,,
"(159, 823, '0')",0,,,,,,,,,,,,,,,,,,,,,
"(387, 823, '0')",0,,,,,,,,,,,,,,,,,,,,,
"(1534, 1709, '0')",0,,,,,,,,,,,,,,,,,,,,,
"(1533, 1708, '0')",0,,,,,,,,,,,,,,,,,,,,,
"(161, 85, '0')",0,,,,,,,,,,,,,,,,,,,,,
"(328, 85, '0')",0,,,,,,,,,,,,,,,,,,,,,
"(1532, 1707, '0')",0,,,,,,,,,,,,,,,,,,,,,
"(162, 52, '0')",1,966.0,2568.5,2212.5,2077.0,1993.1,2017.2,1971.7,1925.7,1926.0,1886.0,1919.3,1886.0,1875.2,1999.7,2004.3,2046.8,2047.8,2047.0,2050.4,2048.6,2049.7
"(1531, 1706, '0')",0,,,,,,,,,,,,,,,,,,,,,
"(163, 928, '0')",0,,,,,,,,,,,,,,,,,,,,,
"(929, 928, '0')",0,,,,,,,,,,,,,,,,,,,,,
"(163, 930, '0')",0,,,,,,,,,,,,,,,,,,,,,
"(223, 930, '0')",0,,,,,,,,,,,,,,,,,,,,,
"(1530, 1705, '0')",0,,,,,,,,,,,,,,,,,,,,,
"(164, 205, '0')",0,,,,,,,,,,,,,,,,,,,,,
"(165, 268, '0')",0,,,,,,,,,,,,,,,,,,,,,
"(1529, 1704, '0')",0,,,,,,,,,,,,,,,,,,,,,
"(1528, 1703, '0')",0,,,,,,,,,,,,,,,,,,,,,
"(1527, 1702, '0')",0,,,,,,,,,,,,,,,,,,,,,
"(167, 185, '0')",1,2717.0,1416.9,1416.9,1416.9,1416.9,1416.9,1416.9,1416.9,1416.9,1416.9,1416.9,1416.9,1416.9,1416.9,1416.9,1416.9,1416.9,1416.9,1416.9,1416.9,1416.9
"(168, 161, '0')",0,,,,,,,,,,,,,,,,,,,,,
"(293, 161, '0')",0,,,,,,,,,,,,,,,,,,,,,
"(1526, 1701, '0')",0,,,,,,,,,,,,,,,,,,,,,
"(1525, 1700, '0')",0,,,,,,,,,,,,,,,,,,,,,
"(170, 207, '0')",1,2540.0,-1014.7,-947.6,-746.5,-1020.0,-703.6,-547.1,-623.4,-594.5,-621.7,-517.4,-621.7,-958.8,-973.3,-1011.7,-1018.9,-1018.2,-1022.2,-1028.4,-1018.0,-1017.4
"(170, 168, '0')",1,2345.0,600.3,-1732.6,-1834.9,-1876.4,-2001.7,-2056.5,-2057.2,-2081.0,-2054.0,-2094.3,-2054.0,431.5,417.6,424.7,354.0,344.6,332.6,251.1,349.1,336.6
"(1524, 1699, '0')",0,,,,,,,,,,,,,,,,,,,,,
"(1523, 1698, '0')",0,,,,,,,,,,,,,,,,,,,,,
"(172, 697, '0')",0,,,,,,,,,,,,,,,,,,,,,
"(172, 302, '0')",0,,,,,,,,,,,,,,,,,,,,,
"(1522, 1697, '0')",0,,,,,,,,,,,,,,,,,,,,,
"(1521, 1696, '0')",0,,,,,,,,,,,,,,,,,,,,,
"(173, 167, '0')",1,2717.0,1416.9,1416.9,1416.9,1416.9,1416.9,1416.9,1416.9,1416.9,1416.9,1416.9,1416.9,1416.9,1416.9,1416.9,1416.9,1416.9,1416.9,1416.9,1416.9,1416.9
"(1520, 1695, '0')",0,,,,,,,,,,,,,,,,,,,,,
"(174, 44, '0')",1,3224.0,909.9,909.9,909.9,909.9,909.9,909.9,909.9,909.9,909.9,909.9,909.9,909.9,909.9,909.9,909.9,909.9,909.9,909.9,909.9,909.9
"(1519, 1694, '0')",0,,,,,,,,,,,,,,,,,,,,,
"(1518, 1693, '0')",0,,,,,,,,,,,,,,,,,,,,,
"(177, 173, '0')",1,2717.0,1416.9,1416.9,1416.9,1416.9,1416.9,1416.9,1416.9,1416.9,1416.9,1416.9,1416.9,1416.9,1416.9,1416.9,1416.9,1416.9,1416.9,1416.9,1416.9,1416.9
"(1517, 1692, '0')",0,,,,,,,,,,,,,,,,,,,,,
"(178, 204, '0')",1,1761.8,3860.0,4531.8,4243.2,4069.5,3814.2,3802.0,3869.7,3841.4,3756.8,3644.3,3756.8,3002.8,2986.5,3020.2,3081.0,3084.4,3088.2,3105.5,3086.2,3083.7
"(426, 204, '0')",0,,,,,,,,,,,,,,,,,,,,,
"(1516, 1691, '0')",0,,,,,,,,,,,,,,,,,,,,,
"(1515, 1690, '0')",0,,,,,,,,,,,,,,,,,,,,,
"(179, 183, '0')",1,2284.0,4836.7,4836.7,4836.7,4836.7,4836.7,4836.7,4836.7,4836.7,4836.7,4836.7,4836.7,4836.7,4836.7,4836.7,4836.7,4836.7,4836.7,4836.7,4836.7,4836.7
"(180, 267, '0')",0,,,,,,,,,,,,,,,,,,,,,
"(1514, 1689, '0')",0,,,,,,,,,,,,,,,,,,,,,
"(1513, 1688, '0')",0,,,,,,,,,,,,,,,,,,,,,
"(181, 83, '0')",0,,,,,,,,,,,,,,,,,,,,,
"(1512, 1687, '0')",0,,,,,,,,,,,,,,,,,,,,,
"(182, 99, '0')",0,,,,,,,,,,,,,,,,,,,,,
"(1511, 1686, '0')",0,,,,,,,,,,,,,,,,,,,,,
"(1510, 1685, '0')",0,,,,,,,,,,,,,,,,,,,,,
"(184, 108, '0')",0,,,,,,,,,,,,,,,,,,,,,
"(1509, 1684, '0')",0,,,,,,,,,,,,,,,,,,,,,
"(185, 186, '0')",1,2717.0,1416.9,1416.9,1416.9,1416.9,1416.9,1416.9,1416.9,1416.9,1416.9,1416.9,1416.9,1416.9,1416.9,1416.9,1416.9,1416.9,1416.9,1416.9,1416.9,1416.9
"(1508, 1683, '0')",0,,,,,,,,,,,,,,,,,,,,,
"(186, 184, '0')",1,2717.0,1416.9,1416.9,1416.9,1416.9,1416.9,1416.9,1416.9,1416.9,1416.9,1416.9,1416.9,1416.9,1416.9,1416.9,1416.9,1416.9,1416.9,1416.9,1416.9,1416.9
"(187, 188, '0')",1,512.0,2283.7,2283.7,2283.7,2283.7,2283.7,2283.7,2283.7,2283.7,2283.7,2283.7,2283.7,2283.7,2283.7,2283.7,2283.7,2283.7,2283.7,2283.7,2283.7,2283.7
"(1507, 1682, '0')",0,,,,,,,,,,,,,,,,,,,,,
"(188, 87, '0')",1,1956.0,839.7,839.7,839.7,839.7,839.7,839.7,839.7,839.7,839.7,839.7,839.7,839.7,839.7,839.7,839.7,839.7,839.7,839.7,839.7,839.7
"(1506, 1681, '0')",0,,,,,,,,,,,,,,,,,,,,,
"(1505, 1680, '0')",0,,,,,,,,,,,,,,,,,,,,,
"(189, 182, '0')",0,,,,,,,,,,,,,,,,,,,,,
"(1504, 1679, '0')",0,,,,,,,,,,,,,,,,,,,,,
"(190, 69, '0')",0,,,,,,,,,,,,,,,,,,,,,
"(191, 171, '0')",1,1956.0,839.7,839.7,839.7,839.7,839.7,839.7,839.7,839.7,839.7,839.7,839.7,839.7,839.7,839.7,839.7,839.7,839.7,839.7,839.7,839.7
"(1503, 1678, '0')",0,,,,,,,,,,,,,,,,,,,,,
"(192, 191, '0')",1,1956.0,839.7,839.7,839.7,839.7,839.7,839.7,839.7,839.7,839.7,839.7,839.7,839.7,839.7,839.7,839.7,839.7,839.7,839.7,839.7,839.7
"(1502, 1677, '0')",0,,,,,,,,,,,,,,,,,,,,,
"(1501, 1676, '0')",0,,,,,,,,,,,,,,,,,,,,,
"(1613, 1788, '0')",0,,,,,,,,,,,,,,,,,,,,,
"(1500, 1675, '0')",0,,,,,,,,,,,,,,,,,,,,,
"(1499, 1674, '0')",0,,,,,,,,,,,,,,,,,,,,,
"(1498, 1673, '0')",0,,,,,,,,,,,,,,,,,,,,,
"(195, 196, '0')",1,1863.0,201.9,201.9,201.9,201.9,201.9,201.9,201.9,201.9,201.9,201.9,201.9,201.9,201.9,201.9,201.9,201.9,201.9,201.9,201.9,201.9
"(1497, 1672, '0')",0,,,,,,,,,,,,,,,,,,,,,
"(196, 102, '0')",0,,,,,,,,,,,,,,,,,,,,,
"(197, 270, '0')",0,,,,,,,,,,,,,,,,,,,,,
"(620, 270, '0')",1,1550.0,762.0,762.0,762.0,762.0,762.0,762.0,762.0,762.0,762.0,762.0,762.0,762.0,762.0,762.0,762.0,762.0,762.0,762.0,762.0,762.0
"(1496, 1671, '0')",0,,,,,,,,,,,,,,,,,,,,,
"(1495, 1670, '0')",0,,,,,,,,,,,,,,,,,,,,,
"(198, 202, '0')",1,990.0,3577.9,3623.3,3597.2,3582.6,3583.4,3580.8,3579.5,3578.9,3579.4,3580.9,3579.4,3577.9,3577.9,3578.1,3578.5,3578.6,3578.4,3578.7,3578.6,3578.7
"(1494, 1669, '0')",0,,,,,,,,,,,,,,,,,,,,,
"(199, 78, '0')",0,,,,,,,,,,,,,,,,,,,,,
"(1493, 1668, '0')",0,,,,,,,,,,,,,,,,,,,,,
"(1492, 1667, '0')",0,,,,,,,,,,,,,,,,,,,,,
"(200, 84, '0')",1,1416.0,648.9,648.9,648.9,648.9,648.9,648.9,648.9,648.9,648.9,648.9,648.9,648.9,648.9,648.9,648.9,648.9,648.9,648.9,648.9,648.9
"(1491, 1666, '0')",0,,,,,,,,,,,,,,,,,,,,,
"(201, 199, '0')",0,,,,,,,,,,,,,,,,,,,,,
"(1490, 1665, '0')",0,,,,,,,,,,,,,,,,,,,,,
"(202, 411, '0')",0,,,,,,,,,,,,,,,,,,,,,
"(202, 289, '0')",0,,,,,,,,,,,,,,,,,,,,,
"(203, 415, '0')",1,3916.0,1414.5,696.8,470.7,418.1,301.5,236.6,208.0,168.1,143.9,115.7,143.9,471.1,475.0,456.0,448.3,446.6,445.0,433.7,442.7,437.9
"(203, 424, '0')",0,,,,,,,,,,,,,,,,,,,,,
"(1489, 1664, '0')",0,,,,,,,,,,,,,,,,,,,,,
"(204, 165, '0')",0,,,,,,,,,,,,,,,,,,,,,
"(1488, 1663, '0')",0,,,,,,,,,,,,,,,,,,,,,
"(1487, 1662, '0')",0,,,,,,,,,,,,,,,,,,,,,
"(1486, 1661, '0')",0,,,,,,,,,,,,,,,,,,,,,
"(1485, 1660, '0')",0,,,,,,,,,,,,,,,,,,,,,
"(206, 56, '0')",0,,,,,,,,,,,,,,,,,,,,,
"(206, 66, '0')",0,,,,,,,,,,,,,,,,,,,,,
"(818, 66, '0')",0,,,,,,,,,,,,,,,,,,,,,
"(206, 1216, '0')",0,,,,,,,,,,,,,,,,,,,,,
"(206, 744, '0')",0,,,,,,,,,,,,,,,,,,,,,
"(743, 744, '0')",0,,,,,,,,,,,,,,,,,,,,,
"(1484, 1659, '0')",0,,,,,,,,,,,,,,,,,,,,,
"(207, 1, '0')",0,,,,,,,,,,,,,,,,,,,,,
"(1401, 1658, '0')",0,,,,,,,,,,,,,,,,,,,,,
"(1400, 1657, '0')",0,,,,,,,,,,,,,,,,,,,,,
"(1399, 1656, '0')",0,,,,,,,,,,,,,,,,,,,,,
"(1396, 1655, '0')",0,,,,,,,,,,,,,,,,,,,,,
"(1394, 1654, '0')",0,,,,,,,,,,,,,,,,,,,,,
"(209, 33, '0')",0,,,,,,,,,,,,,,,,,,,,,
"(840, 33, '0')",0,,,,,,,,,,,,,,,,,,,,,
"(209, 672, '0')",0,,,,,,,,,,,,,,,,,,,,,
"(209, 166, '0')",0,,,,,,,,,,,,,,,,,,,,,
"(1393, 1653, '0')",0,,,,,,,,,,,,,,,,,,,,,
"(1392, 1652, '0')",0,,,,,,,,,,,,,,,,,,,,,
"(210, 1037, '0')",0,,,,,,,,,,,,,,,,,,,,,
"(210, 1056, '0')",0,,,,,,,,,,,,,,,,,,,,,
"(1055, 1056, '0')",0,,,,,,,,,,,,,,,,,,,,,
"(210, 1060, '0')",0,,,,,,,,,,,,,,,,,,,,,
"(210, 1030, '0')",0,,,,,,,,,,,,,,,,,,,,,
"(1031, 1030, '0')",0,,,,,,,,,,,,,,,,,,,,,
"(1386, 1651, '0')",0,,,,,,,,,,,,,,,,,,,,,
"(1385, 1650, '0')",0,,,,,,,,,,,,,,,,,,,,,
"(1383, 1649, '0')",0,,,,,,,,,,,,,,,,,,,,,
"(211, 135, '0')",0,,,,,,,,,,,,,,,,,,,,,
"(212, 266, '0')",1,1622.0,3212.7,2791.4,2727.5,2657.6,2710.9,2663.6,2572.4,2541.4,2468.4,2495.5,2468.4,2497.7,2553.5,2593.4,2593.2,2593.3,2590.9,2591.0,2592.8,2593.9
"(1376, 1648, '0')",0,,,,,,,,,,,,,,,,,,,,,
"(1375, 1647, '0')",0,,,,,,,,,,,,,,,,,,,,,
"(214, 151, '0')",1,2909.0,1381.5,1526.2,1358.9,1159.1,1019.3,894.8,864.2,820.9,783.9,777.2,783.9,625.4,551.3,580.4,621.3,630.7,636.2,665.7,637.7,640.3
"(1361, 1646, '0')",0,,,,,,,,,,,,,,,,,,,,,
"(215, 239, '0')",1,2856.0,2041.6,1921.6,1535.6,1243.7,1149.4,1013.7,894.8,814.7,729.0,732.4,729.0,697.8,747.2,751.1,765.5,770.0,768.8,773.6,756.6,759.9
"(537, 239, '0')",0,,,,,,,,,,,,,,,,,,,,,
"(216, 677, '0')",0,,,,,,,,,,,,,,,,,,,,,
"(238, 677, '0')",0,,,,,,,,,,,,,,,,,,,,,
"(1349, 1645, '0')",0,,,,,,,,,,,,,,,,,,,,,
"(217, 528, '0')",1,3201.0,2296.0,2333.4,2132.9,1857.5,1704.5,1570.5,1470.8,1408.6,1363.2,1346.0,1363.2,1150.6,1183.7,1197.3,1245.3,1257.0,1262.6,1286.7,1263.5,1263.1
"(1348, 1644, '0')",0,,,,,,,,,,,,,,,,,,,,,
"(218, 1264, '0')",0,,,,,,,,,,,,,,,,,,,,,
"(218, 74, '0')",0,,,,,,,,,,,,,,,,,,,,,
"(845, 74, '0')",0,,,,,,,,,,,,,,,,,,,,,
"(218, 844, '0')",0,,,,,,,,,,,,,,,,,,,,,
"(218, 839, '0')",0,,,,,,,,,,,,,,,,,,,,,
"(840, 839, '0')",0,,,,,,,,,,,,,,,,,,,,,
"(1347, 1643, '0')",0,,,,,,,,,,,,,,,,,,,,,
"(1346, 1642, '0')",0,,,,,,,,,,,,,,,,,,,,,
"(1344, 1641, '0')",0,,,,,,,,,,,,,,,,,,,,,
"(219, 47, '0')",0,,,,,,,,,,,,,,,,,,,,,
"(1331, 1640, '0')",0,,,,,,,,,,,,,,,,,,,,,
"(221, 1306, '0')",0,,,,,,,,,,,,,,,,,,,,,
"(616, 1306, '0')",0,,,,,,,,,,,,,,,,,,,,,
"(221, 905, '0')",0,,,,,,,,,,,,,,,,,,,,,
"(221, 16, '0')",0,,,,,,,,,,,,,,,,,,,,,
"(895, 16, '0')",0,,,,,,,,,,,,,,,,,,,,,
"(221, 1350, '0')",0,,,,,,,,,,,,,,,,,,,,,
"(1330, 1639, '0')",0,,,,,,,,,,,,,,,,,,,,,
"(1329, 1638, '0')",0,,,,,,,,,,,,,,,,,,,,,
"(1323, 1637, '0')",0,,,,,,,,,,,,,,,,,,,,,
"(1322, 1636, '0')",0,,,,,,,,,,,,,,,,,,,,,
"(223, 934, '0')",0,,,,,,,,,,,,,,,,,,,,,
"(223, 901, '0')",0,,,,,,,,,,,,,,,,,,,,,
"(1363, 901, '0')",0,,,,,,,,,,,,,,,,,,,,,
"(629, 901, '0')",0,,,,,,,,,,,,,,,,,,,,,
"(223, 1335, '0')",0,,,,,,,,,,,,,,,,,,,,,
"(1321, 1635, '0')",0,,,,,,,,,,,,,,,,,,,,,
"(224, 941, '0')",0,,,,,,,,,,,,,,,,,,,,,
"(271, 941, '0')",0,,,,,,,,,,,,,,,,,,,,,
"(225, 1364, '0')",0,,,,,,,,,,,,,,,,,,,,,
"(1360, 1364, '0')",0,,,,,,,,,,,,,,,,,,,,,
"(141, 816, '0')",0,,,,,,,,,,,,,,,,,,,,,
"(815, 816, '0')",0,,,,,,,,,,,,,,,,,,,,,
"(227, 705, '0')",0,,,,,,,,,,,,,,,,,,,,,
"(305, 705, '0')",0,,,,,,,,,,,,,,,,,,,,,
"(227, 709, '0')",0,,,,,,,,,,,,,,,,,,,,,
"(227, 704, '0')",0,,,,,,,,,,,,,,,,,,,,,
"(738, 704, '0')",0,,,,,,,,,,,,,,,,,,,,,
"(227, 711, '0')",0,,,,,,,,,,,,,,,,,,,,,
"(1285, 1634, '0')",0,,,,,,,,,,,,,,,,,,,,,
"(1280, 1633, '0')",0,,,,,,,,,,,,,,,,,,,,,
"(1244, 1632, '0')",0,,,,,,,,,,,,,,,,,,,,,
"(1243, 1631, '0')",0,,,,,,,,,,,,,,,,,,,,,
"(228, 192, '0')",1,1956.0,839.7,839.7,839.7,839.7,839.7,839.7,839.7,839.7,839.7,839.7,839.7,839.7,839.7,839.7,839.7,839.7,839.7,839.7,839.7,839.7
"(1239, 1630, '0')",0,,,,,,,,,,,,,,,,,,,,,
"(1230, 1629, '0')",0,,,,,,,,,,,,,,,,,,,,,
"(1223, 1628, '0')",0,,,,,,,,,,,,,,,,,,,,,
"(1220, 1627, '0')",0,,,,,,,,,,,,,,,,,,,,,
"(1218, 1626, '0')",0,,,,,,,,,,,,,,,,,,,,,
"(1618, 1198, '0')",0,,,,,,,,,,,,,,,,,,,,,
"(1197, 1617, '0')",0,,,,,,,,,,,,,,,,,,,,,
"(1615, 1195, '0')",0,,,,,,,,,,,,,,,,,,,,,
"(1194, 1614, '0')",0,,,,,,,,,,,,,,,,,,,,,
"(1482, 1145, '0')",0,,,,,,,,,,,,,,,,,,,,,
"(1481, 1100, '0')",0,,,,,,,,,,,,,,,,,,,,,
"(1477, 1095, '0')",0,,,,,,,,,,,,,,,,,,,,,
"(1476, 1093, '0')",0,,,,,,,,,,,,,,,,,,,,,
"(1472, 1092, '0')",0,,,,,,,,,,,,,,,,,,,,,
"(1471, 1090, '0')",0,,,,,,,,,,,,,,,,,,,,,
"(236, 260, '0')",1,4186.0,2093.5,1689.5,1417.0,1165.1,1130.4,979.1,850.7,797.3,652.4,687.7,652.4,601.7,517.0,574.1,642.6,658.4,654.9,712.9,661.4,675.8
"(1464, 1001, '0')",0,,,,,,,,,,,,,,,,,,,,,
"(237, 143, '0')",0,,,,,,,,,,,,,,,,,,,,,
"(1463, 997, '0')",0,,,,,,,,,,,,,,,,,,,,,
"(1459, 996, '0')",0,,,,,,,,,,,,,,,,,,,,,
"(1458, 995, '0')",0,,,,,,,,,,,,,,,,,,,,,
"(239, 242, '0')",1,3438.0,3024.7,2906.4,2661.0,2371.0,2343.4,2269.8,2176.6,2075.2,2014.1,2048.6,2014.1,1915.0,1863.9,1872.4,1887.4,1889.8,1889.7,1899.6,1890.7,1893.4
"(240, 236, '0')",1,1474.5,3865.9,3646.0,3469.4,3327.0,3280.9,3157.1,3061.0,3021.8,2929.0,2962.3,2929.0,2967.8,2860.8,2889.5,2928.0,2940.6,2935.4,2982.1,2948.8,2960.6
"(517, 236, '0')",0,,,,,,,,,,,,,,,,,,,,,
"(1457, 948, '0')",0,,,,,,,,,,,,,,,,,,,,,
"(1456, 927, '0')",0,,,,,,,,,,,,,,,,,,,,,
"(241, 240, '0')",1,1935.6,3022.0,2752.4,2633.6,2552.0,2532.0,2451.4,2376.4,2349.8,2256.0,2303.6,2256.0,2379.7,2248.2,2264.2,2260.1,2253.9,2239.9,2266.2,2259.4,2266.4
"(522, 240, '0')",0,,,,,,,,,,,,,,,,,,,,,
"(1451, 925, '0')",0,,,,,,,,,,,,,,,,,,,,,
"(242, 244, '0')",0,,,,,,,,,,,,,,,,,,,,,
"(243, 261, '0')",1,4108.0,3052.9,2984.6,2603.9,2289.3,2192.4,2050.8,1907.8,1818.9,1712.7,1751.5,1712.7,1523.2,1527.8,1547.1,1592.3,1597.2,1586.7,1612.3,1597.4,1608.1
"(1450, 923, '0')",0,,,,,,,,,,,,,,,,,,,,,
"(1445, 922, '0')",0,,,,,,,,,,,,,,,,,,,,,
"(244, 504, '0')",0,,,,,,,,,,,,,,,,,,,,,
"(244, 245, '0')",0,,,,,,,,,,,,,,,,,,,,,
"(1444, 781, '0')",0,,,,,,,,,,,,,,,,,,,,,
"(246, 243, '0')",0,,,,,,,,,,,,,,,,,,,,,
"(1435, 780, '0')",0,,,,,,,,,,,,,,,,,,,,,
"(1434, 776, '0')",0,,,,,,,,,,,,,,,,,,,,,
"(247, 249, '0')",0,,,,,,,,,,,,,,,,,,,,,
"(248, 246, '0')",1,1662.0,2220.3,2551.2,2578.6,2520.9,2583.7,2571.0,2555.3,2571.4,2581.1,2601.4,2581.1,2709.2,2670.2,2629.6,2574.5,2569.1,2584.7,2548.8,2563.8,2558.7
"(501, 246, '0')",1,2332.5,946.1,546.9,138.9,-118.1,-277.8,-406.7,-534.1,-639.0,-754.9,-736.5,-754.9,-1072.5,-1028.9,-969.1,-868.7,-858.4,-884.5,-823.0,-852.9,-837.1
"(1432, 731, '0')",0,,,,,,,,,,,,,,,,,,,,,
"(249, 251, '0')",0,,,,,,,,,,,,,,,,,,,,,
"(1431, 730, '0')",0,,,,,,,,,,,,,,,,,,,,,
"(1429, 727, '0')",0,,,,,,,,,,,,,,,,,,,,,
"(250, 497, '0')",0,,,,,,,,,,,,,,,,,,,,,
"(251, 464, '0')",1,2227.5,-937.6,-730.6,-758.9,-730.7,-495.4,-471.7,-495.3,-500.5,-533.0,-478.6,-533.0,-509.5,-615.7,-647.2,-691.3,-696.1,-699.6,-710.8,-697.9,-693.2
"(251, 252, '0')",1,2198.6,3274.1,3085.8,2816.3,2590.8,2403.4,2206.8,2071.4,1961.5,1895.5,1868.7,1895.5,1834.9,1939.0,1975.1,2028.0,2034.5,2036.6,2054.0,2036.8,2034.4
"(479, 252, '0')",0,,,,,,,,,,,,,,,,,,,,,
"(1425, 726, '0')",0,,,,,,,,,,,,,,,,,,,,,
"(1423, 700, '0')",0,,,,,,,,,,,,,,,,,,,,,
"(1422, 699, '0')",0,,,,,,,,,,,,,,,,,,,,,
"(1420, 679, '0')",0,,,,,,,,,,,,,,,,,,,,,
"(258, 156, '0')",1,2985.0,917.7,624.1,511.8,351.2,393.8,286.2,237.6,218.3,189.5,191.8,189.5,162.4,48.4,24.6,94.0,104.5,84.8,122.6,102.4,105.5
"(548, 156, '0')",0,,,,,,,,,,,,,,,,,,,,,
"(1419, 678, '0')",0,,,,,,,,,,,,,,,,,,,,,
"(259, 258, '0')",1,2985.0,917.7,624.1,511.8,351.2,393.8,286.2,237.6,218.3,189.5,191.8,189.5,162.4,48.4,24.6,94.0,104.5,84.8,122.6,102.4,105.5
"(1418, 674, '0')",0,,,,,,,,,,,,,,,,,,,,,
"(260, 546, '0')",0,,,,,,,,,,,,,,,,,,,,,
"(261, 241, '0')",0,,,,,,,,,,,,,,,,,,,,,
"(261, 513, '0')",0,,,,,,,,,,,,,,,,,,,,,
"(1417, 661, '0')",0,,,,,,,,,,,,,,,,,,,,,
"(1415, 660, '0')",0,,,,,,,,,,,,,,,,,,,,,
"(262, 489, '0')",0,,,,,,,,,,,,,,,,,,,,,
"(263, 466, '0')",0,,,,,,,,,,,,,,,,,,,,,
"(1411, 659, '0')",0,,,,,,,,,,,,,,,,,,,,,
"(264, 263, '0')",0,,,,,,,,,,,,,,,,,,,,,
"(1405, 658, '0')",0,,,,,,,,,,,,,,,,,,,,,
"(1404, 656, '0')",0,,,,,,,,,,,,,,,,,,,,,
"(1403, 655, '0')",0,,,,,,,,,,,,,,,,,,,,,
"(265, 301, '0')",0,,,,,,,,,,,,,,,,,,,,,
"(266, 265, '0')",1,3194.0,1640.7,1219.4,1155.5,1085.6,1138.9,1091.6,1000.4,969.4,896.4,923.5,896.4,925.7,981.5,1021.4,1021.2,1021.3,1018.9,1019.0,1020.8,1021.9
"(300, 265, '0')",1,3262.0,-742.2,1516.3,1311.7,1558.5,1438.2,1291.1,1340.0,1329.0,1325.8,1272.1,1325.8,-860.5,-825.7,-786.9,-669.7,-653.7,-632.0,-516.3,-657.0,-639.2
"(1402, 653, '0')",0,,,,,,,,,,,,,,,,,,,,,
"(267, 212, '0')",0,,,,,,,,,,,,,,,,,,,,,
"(267, 65, '0')",0,,,,,,,,,,,,,,,,,,,,,
"(1395, 651, '0')",0,,,,,,,,,,,,,,,,,,,,,
"(268, 180, '0')",1,3565.0,2080.5,2059.2,2208.5,1808.0,2111.4,2151.3,1963.8,1917.5,1779.3,1905.5,1779.3,1304.9,1294.8,1373.5,1377.2,1378.2,1374.5,1378.3,1378.2,1380.8
"(268, 13, '0')",1,2732.0,-1067.7,1089.7,669.3,628.0,344.5,341.4,415.3,351.0,427.9,435.0,427.9,-1152.3,-1139.0,-1146.5,-1157.6,-1169.0,-1163.4,-1147.2,-1158.2,-1162.4
"(1388, 650, '0')",0,,,,,,,,,,,,,,,,,,,,,
"(1382, 648, '0')",0,,,,,,,,,,,,,,,,,,,,,
"(269, 624, '0')",1,1711.0,-672.1,-672.1,-672.1,-672.1,-672.1,-672.1,-672.1,-672.1,-672.1,-672.1,-672.1,-672.1,-672.1,-672.1,-672.1,-672.1,-672.1,-672.1,-672.1,-672.1
"(269, 288, '0')",1,1711.0,-158.2,-158.2,-158.2,-158.2,-158.2,-158.2,-158.2,-158.2,-158.2,-158.2,-158.2,-158.2,-158.2,-158.2,-158.2,-158.2,-158.2,-158.2,-158.2,-158.2
"(270, 342, '0')",0,,,,,,,,,,,,,,,,,,,,,
"(1381, 643, '0')",0,,,,,,,,,,,,,,,,,,,,,
"(1367, 642, '0')",0,,,,,,,,,,,,,,,,,,,,,
"(1366, 630, '0')",0,,,,,,,,,,,,,,,,,,,,,
"(1365, 629, '0')",0,,,,,,,,,,,,,,,,,,,,,
"(148, 273, '0')",0,,,,,,,,,,,,,,,,,,,,,
"(273, 274, '0')",0,,,,,,,,,,,,,,,,,,,,,
"(1362, 628, '0')",0,,,,,,,,,,,,,,,,,,,,,
"(274, 275, '0')",0,,,,,,,,,,,,,,,,,,,,,
"(1359, 627, '0')",0,,,,,,,,,,,,,,,,,,,,,
"(275, 276, '0')",0,,,,,,,,,,,,,,,,,,,,,
"(1355, 625, '0')",0,,,,,,,,,,,,,,,,,,,,,
"(276, 277, '0')",1,592.0,2128.8,2128.8,2128.8,2128.8,2128.8,2128.8,2128.8,2128.8,2128.8,2128.8,2128.8,2128.8,2128.8,2128.8,2128.8,2128.8,2128.8,2128.8,2128.8,2128.8
"(1334, 623, '0')",0,,,,,,,,,,,,,,,,,,,,,
"(277, 278, '0')",1,1738.0,982.8,982.8,982.8,982.8,982.8,982.8,982.8,982.8,982.8,982.8,982.8,982.8,982.8,982.8,982.8,982.8,982.8,982.8,982.8,982.8
"(1318, 622, '0')",0,,,,,,,,,,,,,,,,,,,,,
"(278, 284, '0')",0,,,,,,,,,,,,,,,,,,,,,
"(1317, 619, '0')",0,,,,,,,,,,,,,,,,,,,,,
"(279, 282, '0')",0,,,,,,,,,,,,,,,,,,,,,
"(1311, 617, '0')",0,,,,,,,,,,,,,,,,,,,,,
"(280, 283, '0')",0,,,,,,,,,,,,,,,,,,,,,
"(1309, 616, '0')",0,,,,,,,,,,,,,,,,,,,,,
"(281, 280, '0')",0,,,,,,,,,,,,,,,,,,,,,
"(281, 649, '0')",0,,,,,,,,,,,,,,,,,,,,,
"(1307, 615, '0')",0,,,,,,,,,,,,,,,,,,,,,
"(282, 281, '0')",1,1041.0,1679.8,1679.8,1679.8,1679.8,1679.8,1679.8,1679.8,1679.8,1679.8,1679.8,1679.8,1679.8,1679.8,1679.8,1679.8,1679.8,1679.8,1679.8,1679.8,1679.8
"(1302, 614, '0')",0,,,,,,,,,,,,,,,,,,,,,
"(283, 197, '0')",1,1550.0,452.5,452.5,452.5,452.5,452.5,452.5,452.5,452.5,452.5,452.5,452.5,452.5,452.5,452.5,452.5,452.5,452.5,452.5,452.5,452.5
"(1301, 613, '0')",0,,,,,,,,,,,,,,,,,,,,,
"(1300, 612, '0')",0,,,,,,,,,,,,,,,,,,,,,
"(284, 285, '0')",1,1679.0,1041.8,1041.8,1041.8,1041.8,1041.8,1041.8,1041.8,1041.8,1041.8,1041.8,1041.8,1041.8,1041.8,1041.8,1041.8,1041.8,1041.8,1041.8,1041.8,1041.8
"(1298, 611, '0')",0,,,,,,,,,,,,,,,,,,,,,
"(285, 286, '0')",1,525.0,2195.8,2195.8,2195.8,2195.8,2195.8,2195.8,2195.8,2195.8,2195.8,2195.8,2195.8,2195.8,2195.8,2195.8,2195.8,2195.8,2195.8,2195.8,2195.8,2195.8
"(286, 279, '0')",0,,,,,,,,,,,,,,,,,,,,,
"(1295, 610, '0')",0,,,,,,,,,,,,,,,,,,,,,
"(1294, 609, '0')",0,,,,,,,,,,,,,,,,,,,,,
"(1290, 608, '0')",0,,,,,,,,,,,,,,,,,,,,,
"(1289, 607, '0')",0,,,,,,,,,,,,,,,,,,,,,
"(289, 351, '0')",0,,,,,,,,,,,,,,,,,,,,,
"(1283, 606, '0')",0,,,,,,,,,,,,,,,,,,,,,
"(290, 169, '0')",1,3092.0,-296.3,-296.3,-296.3,-296.3,-296.3,-296.3,-296.3,-296.3,-296.3,-296.3,-296.3,-296.3,-296.3,-296.3,-296.3,-296.3,-296.3,-296.3,-296.3,-296.3
"(1282, 605, '0')",0,,,,,,,,,,,,,,,,,,,,,
"(1278, 582, '0')",0,,,,,,,,,,,,,,,,,,,,,
"(1277, 581, '0')",0,,,,,,,,,,,,,,,,,,,,,
"(1273, 578, '0')",0,,,,,,,,,,,,,,,,,,,,,
"(1272, 576, '0')",0,,,,,,,,,,,,,,,,,,,,,
"(1266, 575, '0')",0,,,,,,,,,,,,,,,,,,,,,
"(1262, 574, '0')",0,,,,,,,,,,,,,,,,,,,,,
"(1258, 573, '0')",0,,,,,,,,,,,,,,,,,,,,,
"(1257, 572, '0')",0,,,,,,,,,,,,,,,,,,,,,
"(1254, 571, '0')",0,,,,,,,,,,,,,,,,,,,,,
"(1251, 570, '0')",0,,,,,,,,,,,,,,,,,,,,,
"(1249, 567, '0')",0,,,,,,,,,,,,,,,,,,,,,
"(1246, 566, '0')",0,,,,,,,,,,,,,,,,,,,,,
"(1242, 565, '0')",0,,,,,,,,,,,,,,,,,,,,,
"(1240, 564, '0')",0,,,,,,,,,,,,,,,,,,,,,
"(1234, 563, '0')",0,,,,,,,,,,,,,,,,,,,,,
"(1225, 562, '0')",0,,,,,,,,,,,,,,,,,,,,,
"(1219, 561, '0')",0,,,,,,,,,,,,,,,,,,,,,
"(299, 300, '0')",0,,,,,,,,,,,,,,,,,,,,,
"(307, 300, '0')",0,,,,,,,,,,,,,,,,,,,,,
"(1212, 553, '0')",0,,,,,,,,,,,,,,,,,,,,,
"(1208, 552, '0')",0,,,,,,,,,,,,,,,,,,,,,
"(1206, 550, '0')",0,,,,,,,,,,,,,,,,,,,,,
"(301, 24, '0')",0,,,,,,,,,,,,,,,,,,,,,
"(301, 264, '0')",1,2334.0,3680.4,3581.8,3496.8,3333.1,3319.8,3214.5,3089.0,3013.3,3011.8,2976.4,3011.8,2521.6,2512.8,2569.6,2666.4,2673.4,2666.5,2685.9,2666.4,2667.4
"(673, 264, '0')",1,2179.5,-1448.4,-1512.4,-1505.9,-1561.7,-1486.2,-1458.4,-1409.9,-1441.5,-1557.1,-1472.3,-1557.1,-1112.5,-1110.0,-1163.8,-1260.9,-1267.7,-1265.5,-1301.6,-1276.8,-1275.5
"(1199, 549, '0')",0,,,,,,,,,,,,,,,,,,,,,
"(302, 170, '0')",0,,,,,,,,,,,,,,,,,,,,,
"(1187, 544, '0')",0,,,,,,,,,,,,,,,,,,,,,
"(1186, 543, '0')",0,,,,,,,,,,,,,,,,,,,,,
"(1173, 541, '0')",0,,,,,,,,,,,,,,,,,,,,,
"(303, 22, '0')",0,,,,,,,,,,,,,,,,,,,,,
"(1172, 540, '0')",0,,,,,,,,,,,,,,,,,,,,,
"(1161, 538, '0')",0,,,,,,,,,,,,,,,,,,,,,
"(1146, 536, '0')",0,,,,,,,,,,,,,,,,,,,,,
"(535, 1144, '0')",0,,,,,,,,,,,,,,,,,,,,,
"(1142, 533, '0')",0,,,,,,,,,,,,,,,,,,,,,
"(1135, 531, '0')",0,,,,,,,,,,,,,,,,,,,,,
"(1130, 530, '0')",0,,,,,,,,,,,,,,,,,,,,,
"(1118, 526, '0')",0,,,,,,,,,,,,,,,,,,,,,
"(308, 310, '0')",0,,,,,,,,,,,,,,,,,,,,,
"(1115, 525, '0')",0,,,,,,,,,,,,,,,,,,,,,
"(1102, 523, '0')",0,,,,,,,,,,,,,,,,,,,,,
"(309, 308, '0')",0,,,,,,,,,,,,,,,,,,,,,
"(1065, 521, '0')",0,,,,,,,,,,,,,,,,,,,,,
"(310, 445, '0')",0,,,,,,,,,,,,,,,,,,,,,
"(1054, 520, '0')",0,,,,,,,,,,,,,,,,,,,,,
"(1050, 518, '0')",0,,,,,,,,,,,,,,,,,,,,,
"(1049, 516, '0')",0,,,,,,,,,,,,,,,,,,,,,
"(515, 1040, '0')",0,,,,,,,,,,,,,,,,,,,,,
"(313, 314, '0')",1,2159.0,364.6,1618.3,1816.7,1648.5,1900.5,1827.2,1688.4,1737.2,1607.2,1646.5,1607.2,98.8,93.8,112.8,168.8,185.2,195.9,236.9,178.2,180.2
"(1038, 512, '0')",0,,,,,,,,,,,,,,,,,,,,,
"(314, 326, '0')",0,,,,,,,,,,,,,,,,,,,,,
"(314, 312, '0')",0,,,,,,,,,,,,,,,,,,,,,
"(1034, 511, '0')",0,,,,,,,,,,,,,,,,,,,,,
"(1022, 507, '0')",0,,,,,,,,,,,,,,,,,,,,,
"(1014, 506, '0')",0,,,,,,,,,,,,,,,,,,,,,
"(1010, 505, '0')",0,,,,,,,,,,,,,,,,,,,,,
"(1002, 502, '0')",0,,,,,,,,,,,,,,,,,,,,,
"(970, 500, '0')",0,,,,,,,,,,,,,,,,,,,,,
"(966, 499, '0')",0,,,,,,,,,,,,,,,,,,,,,
"(965, 492, '0')",0,,,,,,,,,,,,,,,,,,,,,
"(960, 490, '0')",0,,,,,,,,,,,,,,,,,,,,,
"(951, 487, '0')",0,,,,,,,,,,,,,,,,,,,,,
"(943, 485, '0')",0,,,,,,,,,,,,,,,,,,,,,
"(942, 482, '0')",0,,,,,,,,,,,,,,,,,,,,,
"(926, 480, '0')",0,,,,,,,,,,,,,,,,,,,,,
"(919, 478, '0')",0,,,,,,,,,,,,,,,,,,,,,
"(911, 474, '0')",0,,,,,,,,,,,,,,,,,,,,,
"(910, 472, '0')",0,,,,,,,,,,,,,,,,,,,,,
"(885, 463, '0')",0,,,,,,,,,,,,,,,,,,,,,
"(872, 462, '0')",0,,,,,,,,,,,,,,,,,,,,,
"(871, 456, '0')",0,,,,,,,,,,,,,,,,,,,,,
"(866, 455, '0')",0,,,,,,,,,,,,,,,,,,,,,
"(864, 454, '0')",0,,,,,,,,,,,,,,,,,,,,,
"(325, 208, '0')",0,,,,,,,,,,,,,,,,,,,,,
"(325, 324, '0')",0,,,,,,,,,,,,,,,,,,,,,
"(860, 453, '0')",0,,,,,,,,,,,,,,,,,,,,,
"(859, 450, '0')",0,,,,,,,,,,,,,,,,,,,,,
"(851, 443, '0')",0,,,,,,,,,,,,,,,,,,,,,
"(850, 442, '0')",0,,,,,,,,,,,,,,,,,,,,,
"(836, 420, '0')",0,,,,,,,,,,,,,,,,,,,,,
"(831, 418, '0')",0,,,,,,,,,,,,,,,,,,,,,
"(807, 387, '0')",0,,,,,,,,,,,,,,,,,,,,,
"(801, 384, '0')",0,,,,,,,,,,,,,,,,,,,,,
"(797, 383, '0')",0,,,,,,,,,,,,,,,,,,,,,
"(796, 382, '0')",0,,,,,,,,,,,,,,,,,,,,,
"(788, 376, '0')",0,,,,,,,,,,,,,,,,,,,,,
"(782, 374, '0')",0,,,,,,,,,,,,,,,,,,,,,
"(779, 366, '0')",0,,,,,,,,,,,,,,,,,,,,,
"(778, 364, '0')",0,,,,,,,,,,,,,,,,,,,,,
"(763, 349, '0')",0,,,,,,,,,,,,,,,,,,,,,
"(330, 331, '0')",0,,,,,,,,,,,,,,,,,,,,,
"(760, 329, '0')",0,,,,,,,,,,,,,,,,,,,,,
"(331, 336, '0')",0,,,,,,,,,,,,,,,,,,,,,
"(754, 327, '0')",0,,,,,,,,,,,,,,,,,,,,,
"(752, 323, '0')",0,,,,,,,,,,,,,,,,,,,,,
"(750, 322, '0')",0,,,,,,,,,,,,,,,,,,,,,
"(749, 321, '0')",0,,,,,,,,,,,,,,,,,,,,,
"(736, 319, '0')",0,,,,,,,,,,,,,,,,,,,,,
"(332, 134, '0')",0,,,,,,,,,,,,,,,,,,,,,
"(732, 318, '0')",0,,,,,,,,,,,,,,,,,,,,,
"(725, 317, '0')",0,,,,,,,,,,,,,,,,,,,,,
"(1470, 1087, '0')",0,,,,,,,,,,,,,,,,,,,,,
"(316, 724, '0')",0,,,,,,,,,,,,,,,,,,,,,
"(723, 315, '0')",0,,,,,,,,,,,,,,,,,,,,,
"(311, 714, '0')",0,,,,,,,,,,,,,,,,,,,,,
"(713, 306, '0')",0,,,,,,,,,,,,,,,,,,,,,
"(701, 305, '0')",0,,,,,,,,,,,,,,,,,,,,,
"(334, 333, '0')",0,,,,,,,,,,,,,,,,,,,,,
"(304, 694, '0')",0,,,,,,,,,,,,,,,,,,,,,
"(693, 298, '0')",0,,,,,,,,,,,,,,,,,,,,,
"(646, 297, '0')",0,,,,,,,,,,,,,,,,,,,,,
"(335, 304, '0')",0,,,,,,,,,,,,,,,,,,,,,
"(645, 296, '0')",0,,,,,,,,,,,,,,,,,,,,,
"(336, 681, '0')",0,,,,,,,,,,,,,,,,,,,,,
"(294, 644, '0')",0,,,,,,,,,,,,,,,,,,,,,
"(590, 292, '0')",0,,,,,,,,,,,,,,,,,,,,,
"(337, 692, '0')",1,2526.0,399.5,399.5,399.5,399.5,399.5,399.5,399.5,399.5,399.5,399.5,399.5,399.5,399.5,399.5,399.5,399.5,399.5,399.5,399.5,399.5
"(291, 589, '0')",0,,,,,,,,,,,,,,,,,,,,,
"(338, 339, '0')",0,,,,,,,,,,,,,,,,,,,,,
"(338, 686, '0')",0,,,,,,,,,,,,,,,,,,,,,
"(339, 334, '0')",0,,,,,,,,,,,,,,,,,,,,,
"(496, 271, '0')",0,,,,,,,,,,,,,,,,,,,,,
"(340, 664, '0')",0,,,,,,,,,,,,,,,,,,,,,
"(344, 664, '0')",0,,,,,,,,,,,,,,,,,,,,,
"(340, 354, '0')",0,,,,,,,,,,,,,,,,,,,,,
"(193, 354, '0')",0,,,,,,,,,,,,,,,,,,,,,
"(357, 354, '0')",0,,,,,,,,,,,,,,,,,,,,,
"(437, 354, '0')",0,,,,,,,,,,,,,,,,,,,,,
"(340, 345, '0')",1,2987.0,-1693.6,-1741.7,-1896.0,-1950.2,-2054.5,-2116.2,-2121.5,-2142.1,-2133.9,-2148.4,-2133.9,-1944.4,-2004.9,-2032.0,-2065.3,-2068.8,-2060.4,-2089.2,-2071.5,-2080.6
"(357, 345, '0')",0,,,,,,,,,,,,,,,,,,,,,
"(362, 345, '0')",0,,,,,,,,,,,,,,,,,,,,,
"(494, 257, '0')",0,,,,,,,,,,,,,,,,,,,,,
"(341, 269, '0')",0,,,,,,,,,,,,,,,,,,,,,
"(469, 256, '0')",0,,,,,,,,,,,,,,,,,,,,,
"(468, 255, '0')",0,,,,,,,,,,,,,,,,,,,,,
"(342, 343, '0')",0,,,,,,,,,,,,,,,,,,,,,
"(342, 669, '0')",1,2101.0,1309.6,1110.2,1102.3,1081.1,1217.6,1217.2,1201.1,1191.7,1129.2,1191.1,1129.2,889.7,879.6,910.7,949.9,954.4,938.0,979.3,953.3,967.0
"(421, 254, '0')",0,,,,,,,,,,,,,,,,,,,,,
"(343, 340, '0')",0,,,,,,,,,,,,,,,,,,,,,
"(354, 340, '0')",0,,,,,,,,,,,,,,,,,,,,,
"(664, 340, '0')",0,,,,,,,,,,,,,,,,,,,,,
"(344, 355, '0')",0,,,,,,,,,,,,,,,,,,,,,
"(432, 355, '0')",0,,,,,,,,,,,,,,,,,,,,,
"(1192, 355, '0')",0,,,,,,,,,,,,,,,,,,,,,
"(1623, 355, '0')",0,,,,,,,,,,,,,,,,,,,,,
"(406, 235, '0')",0,,,,,,,,,,,,,,,,,,,,,
"(377, 234, '0')",0,,,,,,,,,,,,,,,,,,,,,
"(372, 233, '0')",0,,,,,,,,,,,,,,,,,,,,,
"(345, 357, '0')",0,,,,,,,,,,,,,,,,,,,,,
"(230, 357, '0')",0,,,,,,,,,,,,,,,,,,,,,
"(354, 357, '0')",0,,,,,,,,,,,,,,,,,,,,,
"(379, 357, '0')",0,,,,,,,,,,,,,,,,,,,,,
"(345, 356, '0')",0,,,,,,,,,,,,,,,,,,,,,
"(194, 1623, '0')",0,,,,,,,,,,,,,,,,,,,,,
"(355, 1623, '0')",0,,,,,,,,,,,,,,,,,,,,,
"(367, 232, '0')",0,,,,,,,,,,,,,,,,,,,,,
"(359, 231, '0')",0,,,,,,,,,,,,,,,,,,,,,
"(353, 230, '0')",0,,,,,,,,,,,,,,,,,,,,,
"(352, 229, '0')",0,,,,,,,,,,,,,,,,,,,,,
"(350, 344, '0')",0,,,,,,,,,,,,,,,,,,,,,
"(355, 344, '0')",0,,,,,,,,,,,,,,,,,,,,,
"(664, 344, '0')",0,,,,,,,,,,,,,,,,,,,,,
"(347, 194, '0')",0,,,,,,,,,,,,,,,,,,,,,
"(351, 348, '0')",0,,,,,,,,,,,,,,,,,,,,,
"(351, 100, '0')",0,,,,,,,,,,,,,,,,,,,,,
"(346, 193, '0')",0,,,,,,,,,,,,,,,,,,,,,
"(229, 1192, '0')",0,,,,,,,,,,,,,,,,,,,,,
"(355, 1192, '0')",0,,,,,,,,,,,,,,,,,,,,,
"(430, 1192, '0')",0,,,,,,,,,,,,,,,,,,,,,
"(354, 437, '0')",0,,,,,,,,,,,,,,,,,,,,,
"(439, 437, '0')",0,,,,,,,,,,,,,,,,,,,,,
"(354, 1606, '0')",0,,,,,,,,,,,,,,,,,,,,,
"(272, 148, '0')",0,,,,,,,,,,,,,,,,,,,,,
"(355, 432, '0')",0,,,,,,,,,,,,,,,,,,,,,
"(431, 432, '0')",0,,,,,,,,,,,,,,,,,,,,,
"(226, 141, '0')",0,,,,,,,,,,,,,,,,,,,,,
"(220, 111, '0')",0,,,,,,,,,,,,,,,,,,,,,
"(356, 358, '0')",0,,,,,,,,,,,,,,,,,,,,,
"(379, 358, '0')",0,,,,,,,,,,,,,,,,,,,,,
"(663, 358, '0')",0,,,,,,,,,,,,,,,,,,,,,
"(356, 360, '0')",0,,,,,,,,,,,,,,,,,,,,,
"(357, 379, '0')",0,,,,,,,,,,,,,,,,,,,,,
"(358, 379, '0')",0,,,,,,,,,,,,,,,,,,,,,
"(234, 379, '0')",0,,,,,,,,,,,,,,,,,,,,,
"(357, 1604, '0')",0,,,,,,,,,,,,,,,,,,,,,
"(176, 109, '0')",0,,,,,,,,,,,,,,,,,,,,,
"(358, 663, '0')",0,,,,,,,,,,,,,,,,,,,,,
"(378, 663, '0')",0,,,,,,,,,,,,,,,,,,,,,
"(108, 175, '0')",0,,,,,,,,,,,,,,,,,,,,,
"(231, 378, '0')",0,,,,,,,,,,,,,,,,,,,,,
"(410, 378, '0')",0,,,,,,,,,,,,,,,,,,,,,
"(430, 378, '0')",0,,,,,,,,,,,,,,,,,,,,,
"(663, 378, '0')",0,,,,,,,,,,,,,,,,,,,,,
"(104, 96, '0')",0,,,,,,,,,,,,,,,,,,,,,
"(360, 361, '0')",0,,,,,,,,,,,,,,,,,,,,,
"(83, 88, '0')",0,,,,,,,,,,,,,,,,,,,,,
"(80, 53, '0')",0,,,,,,,,,,,,,,,,,,,,,
"(42, 21, '0')",0,,,,,,,,,,,,,,,,,,,,,
"(362, 363, '0')",0,,,,,,,,,,,,,,,,,,,,,
"(363, 365, '0')",0,,,,,,,,,,,,,,,,,,,,,
"(28, 11, '0')",0,,,,,,,,,,,,,,,,,,,,,
"(1612, 1787, '0')",0,,,,,,,,,,,,,,,,,,,,,
"(1611, 1786, '0')",0,,,,,,,,,,,,,,,,,,,,,
"(1610, 1785, '0')",0,,,,,,,,,,,,,,,,,,,,,
"(232, 431, '0')",0,,,,,,,,,,,,,,,,,,,,,
"(370, 431, '0')",0,,,,,,,,,,,,,,,,,,,,,
"(432, 431, '0')",0,,,,,,,,,,,,,,,,,,,,,
"(665, 431, '0')",0,,,,,,,,,,,,,,,,,,,,,
"(368, 438, '0')",0,,,,,,,,,,,,,,,,,,,,,
"(435, 438, '0')",0,,,,,,,,,,,,,,,,,,,,,
"(368, 434, '0')",0,,,,,,,,,,,,,,,,,,,,,
"(436, 434, '0')",0,,,,,,,,,,,,,,,,,,,,,
"(439, 434, '0')",0,,,,,,,,,,,,,,,,,,,,,
"(666, 434, '0')",0,,,,,,,,,,,,,,,,,,,,,
"(368, 441, '0')",0,,,,,,,,,,,,,,,,,,,,,
"(434, 441, '0')",0,,,,,,,,,,,,,,,,,,,,,
"(439, 441, '0')",0,,,,,,,,,,,,,,,,,,,,,
"(1609, 1784, '0')",0,,,,,,,,,,,,,,,,,,,,,
"(1561, 1736, '0')",0,,,,,,,,,,,,,,,,,,,,,
"(370, 435, '0')",0,,,,,,,,,,,,,,,,,,,,,
"(438, 435, '0')",0,,,,,,,,,,,,,,,,,,,,,
"(370, 371, '0')",0,,,,,,,,,,,,,,,,,,,,,
"(1559, 1734, '0')",0,,,,,,,,,,,,,,,,,,,,,
"(371, 373, '0')",0,,,,,,,,,,,,,,,,,,,,,
"(233, 375, '0')",0,,,,,,,,,,,,,,,,,,,,,
"(666, 375, '0')",0,,,,,,,,,,,,,,,,,,,,,
"(1606, 1781, '0')",0,,,,,,,,,,,,,,,,,,,,,
"(1605, 1780, '0')",0,,,,,,,,,,,,,,,,,,,,,
"(1604, 1779, '0')",0,,,,,,,,,,,,,,,,,,,,,
"(375, 666, '0')",0,,,,,,,,,,,,,,,,,,,,,
"(434, 666, '0')",0,,,,,,,,,,,,,,,,,,,,,
"(375, 1608, '0')",0,,,,,,,,,,,,,,,,,,,,,
"(1603, 1778, '0')",0,,,,,,,,,,,,,,,,,,,,,
"(1602, 1777, '0')",0,,,,,,,,,,,,,,,,,,,,,
"(1601, 1776, '0')",0,,,,,,,,,,,,,,,,,,,,,
"(378, 430, '0')",0,,,,,,,,,,,,,,,,,,,,,
"(1192, 430, '0')",0,,,,,,,,,,,,,,,,,,,,,
"(378, 1601, '0')",0,,,,,,,,,,,,,,,,,,,,,
"(1600, 1775, '0')",0,,,,,,,,,,,,,,,,,,,,,
"(379, 1602, '0')",0,,,,,,,,,,,,,,,,,,,,,
"(1599, 1774, '0')",0,,,,,,,,,,,,,,,,,,,,,
"(380, 401, '0')",0,,,,,,,,,,,,,,,,,,,,,
"(380, 386, '0')",0,,,,,,,,,,,,,,,,,,,,,
"(394, 386, '0')",0,,,,,,,,,,,,,,,,,,,,,
"(395, 386, '0')",0,,,,,,,,,,,,,,,,,,,,,
"(1598, 1773, '0')",0,,,,,,,,,,,,,,,,,,,,,
"(1597, 1772, '0')",0,,,,,,,,,,,,,,,,,,,,,
"(381, 380, '0')",0,,,,,,,,,,,,,,,,,,,,,
"(386, 380, '0')",0,,,,,,,,,,,,,,,,,,,,,
"(389, 380, '0')",0,,,,,,,,,,,,,,,,,,,,,
"(1596, 1771, '0')",0,,,,,,,,,,,,,,,,,,,,,
"(1595, 1770, '0')",0,,,,,,,,,,,,,,,,,,,,,
"(1594, 1769, '0')",0,,,,,,,,,,,,,,,,,,,,,
"(1593, 1768, '0')",0,,,,,,,,,,,,,,,,,,,,,
"(1592, 1767, '0')",0,,,,,,,,,,,,,,,,,,,,,
"(1591, 1766, '0')",0,,,,,,,,,,,,,,,,,,,,,
"(1590, 1765, '0')",0,,,,,,,,,,,,,,,,,,,,,
"(385, 203, '0')",1,3769.0,1770.8,1816.2,1790.2,1775.5,1776.3,1773.8,1772.5,1771.8,1772.3,1773.9,1772.3,1770.8,1770.9,1771.0,1771.4,1771.5,1771.3,1771.7,1771.5,1771.7
"(1589, 1764, '0')",0,,,,,,,,,,,,,,,,,,,,,
"(1588, 1763, '0')",0,,,,,,,,,,,,,,,,,,,,,
"(386, 396, '0')",0,,,,,,,,,,,,,,,,,,,,,
"(1587, 1762, '0')",0,,,,,,,,,,,,,,,,,,,,,
"(1586, 1761, '0')",0,,,,,,,,,,,,,,,,,,,,,
"(1585, 1760, '0')",0,,,,,,,,,,,,,,,,,,,,,
"(1584, 1759, '0')",0,,,,,,,,,,,,,,,,,,,,,
"(388, 391, '0')",0,,,,,,,,,,,,,,,,,,,,,
"(1583, 1758, '0')",0,,,,,,,,,,,,,,,,,,,,,
"(389, 392, '0')",0,,,,,,,,,,,,,,,,,,,,,
"(390, 429, '0')",0,,,,,,,,,,,,,,,,,,,,,
"(1158, 429, '0')",0,,,,,,,,,,,,,,,,,,,,,
"(390, 423, '0')",0,,,,,,,,,,,,,,,,,,,,,
"(1159, 423, '0')",0,,,,,,,,,,,,,,,,,,,,,
"(390, 417, '0')",0,,,,,,,,,,,,,,,,,,,,,
"(390, 388, '0')",0,,,,,,,,,,,,,,,,,,,,,
"(1582, 1757, '0')",0,,,,,,,,,,,,,,,,,,,,,
"(1581, 1756, '0')",0,,,,,,,,,,,,,,,,,,,,,
"(391, 389, '0')",0,,,,,,,,,,,,,,,,,,,,,
"(1580, 1755, '0')",0,,,,,,,,,,,,,,,,,,,,,
"(1579, 1754, '0')",0,,,,,,,,,,,,,,,,,,,,,
"(1578, 1753, '0')",0,,,,,,,,,,,,,,,,,,,,,
"(393, 101, '0')",0,,,,,,,,,,,,,,,,,,,,,
"(415, 101, '0')",0,,,,,,,,,,,,,,,,,,,,,
"(394, 399, '0')",0,,,,,,,,,,,,,,,,,,,,,
"(394, 400, '0')",0,,,,,,,,,,,,,,,,,,,,,
"(408, 400, '0')",0,,,,,,,,,,,,,,,,,,,,,
"(413, 400, '0')",0,,,,,,,,,,,,,,,,,,,,,
"(394, 667, '0')",0,,,,,,,,,,,,,,,,,,,,,
"(1577, 1752, '0')",0,,,,,,,,,,,,,,,,,,,,,
"(1576, 1751, '0')",0,,,,,,,,,,,,,,,,,,,,,
"(395, 394, '0')",0,,,,,,,,,,,,,,,,,,,,,
"(398, 394, '0')",0,,,,,,,,,,,,,,,,,,,,,
"(1575, 1750, '0')",0,,,,,,,,,,,,,,,,,,,,,
"(1574, 1749, '0')",0,,,,,,,,,,,,,,,,,,,,,
"(396, 1169, '0')",0,,,,,,,,,,,,,,,,,,,,,
"(397, 410, '0')",0,,,,,,,,,,,,,,,,,,,,,
"(1573, 1748, '0')",0,,,,,,,,,,,,,,,,,,,,,
"(1572, 1747, '0')",0,,,,,,,,,,,,,,,,,,,,,
"(399, 405, '0')",0,,,,,,,,,,,,,,,,,,,,,
"(667, 405, '0')",0,,,,,,,,,,,,,,,,,,,,,
"(1571, 1746, '0')",0,,,,,,,,,,,,,,,,,,,,,
"(400, 408, '0')",0,,,,,,,,,,,,,,,,,,,,,
"(1155, 408, '0')",0,,,,,,,,,,,,,,,,,,,,,
"(1158, 408, '0')",0,,,,,,,,,,,,,,,,,,,,,
"(400, 403, '0')",0,,,,,,,,,,,,,,,,,,,,,
"(400, 398, '0')",0,,,,,,,,,,,,,,,,,,,,,
"(1570, 1745, '0')",0,,,,,,,,,,,,,,,,,,,,,
"(1569, 1744, '0')",0,,,,,,,,,,,,,,,,,,,,,
"(401, 404, '0')",0,,,,,,,,,,,,,,,,,,,,,
"(1568, 1743, '0')",0,,,,,,,,,,,,,,,,,,,,,
"(402, 428, '0')",0,,,,,,,,,,,,,,,,,,,,,
"(1567, 1742, '0')",0,,,,,,,,,,,,,,,,,,,,,
"(1566, 1741, '0')",0,,,,,,,,,,,,,,,,,,,,,
"(1565, 1740, '0')",0,,,,,,,,,,,,,,,,,,,,,
"(403, 402, '0')",0,,,,,,,,,,,,,,,,,,,,,
"(404, 402, '0')",0,,,,,,,,,,,,,,,,,,,,,
"(1564, 1739, '0')",0,,,,,,,,,,,,,,,,,,,,,
"(1563, 1738, '0')",0,,,,,,,,,,,,,,,,,,,,,
"(1562, 1737, '0')",0,,,,,,,,,,,,,,,,,,,,,
"(405, 426, '0')",1,2035.0,-346.9,1117.2,1134.8,866.6,1141.9,1190.9,1009.5,927.4,950.5,1196.3,950.5,-350.0,-330.5,-293.1,-361.3,-375.0,-376.9,-374.3,-366.0,-365.1
"(235, 1163, '0')",0,,,,,,,,,,,,,,,,,,,,,
"(1164, 1163, '0')",0,,,,,,,,,,,,,,,,,,,,,
"(1608, 1783, '0')",0,,,,,,,,,,,,,,,,,,,,,
"(407, 1160, '0')",0,,,,,,,,,,,,,,,,,,,,,
"(1164, 1160, '0')",0,,,,,,,,,,,,,,,,,,,,,
"(1166, 1160, '0')",0,,,,,,,,,,,,,,,,,,,,,
"(1168, 1160, '0')",0,,,,,,,,,,,,,,,,,,,,,
"(408, 1155, '0')",0,,,,,,,,,,,,,,,,,,,,,
"(1153, 1155, '0')",0,,,,,,,,,,,,,,,,,,,,,
"(408, 1158, '0')",0,,,,,,,,,,,,,,,,,,,,,
"(429, 1158, '0')",0,,,,,,,,,,,,,,,,,,,,,
"(1560, 1735, '0')",0,,,,,,,,,,,,,,,,,,,,,
"(409, 1139, '0')",0,,,,,,,,,,,,,,,,,,,,,
"(1140, 1139, '0')",0,,,,,,,,,,,,,,,,,,,,,
"(1143, 1139, '0')",0,,,,,,,,,,,,,,,,,,,,,
"(409, 1143, '0')",0,,,,,,,,,,,,,,,,,,,,,
"(1109, 1143, '0')",0,,,,,,,,,,,,,,,,,,,,,
"(1139, 1143, '0')",0,,,,,,,,,,,,,,,,,,,,,
"(409, 1138, '0')",0,,,,,,,,,,,,,,,,,,,,,
"(1109, 1138, '0')",0,,,,,,,,,,,,,,,,,,,,,
"(1607, 1782, '0')",0,,,,,,,,,,,,,,,,,,,,,
"(411, 397, '0')",0,,,,,,,,,,,,,,,,,,,,,
"(1558, 1733, '0')",0,,,,,,,,,,,,,,,,,,,,,
"(412, 136, '0')",0,,,,,,,,,,,,,,,,,,,,,
"(414, 198, '0')",0,,,,,,,,,,,,,,,,,,,,,
"(419, 198, '0')",0,,,,,,,,,,,,,,,,,,,,,
"(254, 1159, '0')",0,,,,,,,,,,,,,,,,,,,,,
"(423, 1159, '0')",0,,,,,,,,,,,,,,,,,,,,,
"(422, 1151, '0')",0,,,,,,,,,,,,,,,,,,,,,
"(531, 1151, '0')",0,,,,,,,,,,,,,,,,,,,,,
"(422, 1157, '0')",0,,,,,,,,,,,,,,,,,,,,,
"(1156, 1157, '0')",0,,,,,,,,,,,,,,,,,,,,,
"(422, 1153, '0')",0,,,,,,,,,,,,,,,,,,,,,
"(1155, 1153, '0')",0,,,,,,,,,,,,,,,,,,,,,
"(422, 1154, '0')",0,,,,,,,,,,,,,,,,,,,,,
"(1152, 1154, '0')",0,,,,,,,,,,,,,,,,,,,,,
"(1153, 1154, '0')",0,,,,,,,,,,,,,,,,,,,,,
"(423, 390, '0')",0,,,,,,,,,,,,,,,,,,,,,
"(428, 390, '0')",0,,,,,,,,,,,,,,,,,,,,,
"(429, 390, '0')",0,,,,,,,,,,,,,,,,,,,,,
"(425, 413, '0')",0,,,,,,,,,,,,,,,,,,,,,
"(427, 395, '0')",0,,,,,,,,,,,,,,,,,,,,,
"(431, 665, '0')",0,,,,,,,,,,,,,,,,,,,,,
"(433, 665, '0')",0,,,,,,,,,,,,,,,,,,,,,
"(431, 370, '0')",0,,,,,,,,,,,,,,,,,,,,,
"(435, 370, '0')",0,,,,,,,,,,,,,,,,,,,,,
"(431, 1607, '0')",0,,,,,,,,,,,,,,,,,,,,,
"(434, 368, '0')",0,,,,,,,,,,,,,,,,,,,,,
"(438, 368, '0')",0,,,,,,,,,,,,,,,,,,,,,
"(434, 436, '0')",0,,,,,,,,,,,,,,,,,,,,,
"(434, 439, '0')",0,,,,,,,,,,,,,,,,,,,,,
"(437, 439, '0')",0,,,,,,,,,,,,,,,,,,,,,
"(440, 369, '0')",1,1840.0,-1471.9,-1352.3,-1333.2,-1334.3,-1333.7,-1337.2,-1337.3,-1340.3,-1335.3,-1351.1,-1335.3,-1348.4,-1460.5,-1465.1,-1462.8,-1461.7,-1457.8,-1454.9,-1457.0,-1456.4
"(441, 440, '0')",0,,,,,,,,,,,,,,,,,,,,,
"(444, 211, '0')",0,,,,,,,,,,,,,,,,,,,,,
"(444, 449, '0')",0,,,,,,,,,,,,,,,,,,,,,
"(444, 25, '0')",0,,,,,,,,,,,,,,,,,,,,,
"(445, 162, '0')",0,,,,,,,,,,,,,,,,,,,,,
"(445, 313, '0')",0,,,,,,,,,,,,,,,,,,,,,
"(451, 29, '0')",0,,,,,,,,,,,,,,,,,,,,,
"(670, 29, '0')",0,,,,,,,,,,,,,,,,,,,,,
"(1042, 29, '0')",0,,,,,,,,,,,,,,,,,,,,,
"(1044, 29, '0')",0,,,,,,,,,,,,,,,,,,,,,
"(457, 467, '0')",0,,,,,,,,,,,,,,,,,,,,,
"(457, 989, '0')",0,,,,,,,,,,,,,,,,,,,,,
"(937, 989, '0')",0,,,,,,,,,,,,,,,,,,,,,
"(458, 470, '0')",0,,,,,,,,,,,,,,,,,,,,,
"(982, 470, '0')",0,,,,,,,,,,,,,,,,,,,,,
"(991, 470, '0')",0,,,,,,,,,,,,,,,,,,,,,
"(458, 460, '0')",0,,,,,,,,,,,,,,,,,,,,,
"(459, 477, '0')",0,,,,,,,,,,,,,,,,,,,,,
"(459, 458, '0')",0,,,,,,,,,,,,,,,,,,,,,
"(461, 458, '0')",1,2198.6,-908.7,-701.7,-730.0,-701.8,-466.5,-442.8,-466.4,-471.6,-504.1,-449.7,-504.1,-480.6,-586.8,-618.3,-662.4,-667.2,-670.7,-681.9,-669.0,-664.3
"(470, 458, '0')",0,,,,,,,,,,,,,,,,,,,,,
"(460, 483, '0')",0,,,,,,,,,,,,,,,,,,,,,
"(460, 457, '0')",0,,,,,,,,,,,,,,,,,,,,,
"(486, 457, '0')",1,2086.6,-1137.5,-577.4,95.6,277.6,467.8,563.5,670.4,705.5,759.0,788.1,759.0,573.1,345.3,337.9,471.5,470.5,403.6,485.3,452.8,465.3
"(989, 457, '0')",0,,,,,,,,,,,,,,,,,,,,,
"(465, 3, '0')",0,,,,,,,,,,,,,,,,,,,,,
"(466, 262, '0')",0,,,,,,,,,,,,,,,,,,,,,
"(467, 491, '0')",1,2444.0,-1757.5,-973.2,-415.9,-151.9,68.4,224.1,326.8,427.3,532.8,535.5,532.8,394.0,149.5,146.3,294.2,295.4,226.7,348.8,304.8,318.9
"(467, 459, '0')",0,,,,,,,,,,,,,,,,,,,,,
"(255, 991, '0')",0,,,,,,,,,,,,,,,,,,,,,
"(470, 991, '0')",0,,,,,,,,,,,,,,,,,,,,,
"(256, 992, '0')",0,,,,,,,,,,,,,,,,,,,,,
"(1000, 992, '0')",0,,,,,,,,,,,,,,,,,,,,,
"(470, 982, '0')",0,,,,,,,,,,,,,,,,,,,,,
"(964, 982, '0')",0,,,,,,,,,,,,,,,,,,,,,
"(470, 471, '0')",1,2364.5,-1766.5,-1645.6,-1396.3,-1295.3,-1140.5,-1024.0,-1008.2,-981.5,-923.7,-880.3,-923.7,-778.1,-920.8,-975.1,-1054.4,-1064.0,-1070.4,-1095.0,-1067.7,-1066.0
"(475, 977, '0')",0,,,,,,,,,,,,,,,,,,,,,
"(476, 974, '0')",0,,,,,,,,,,,,,,,,,,,,,
"(975, 974, '0')",0,,,,,,,,,,,,,,,,,,,,,
"(977, 974, '0')",0,,,,,,,,,,,,,,,,,,,,,
"(476, 983, '0')",0,,,,,,,,,,,,,,,,,,,,,
"(976, 983, '0')",0,,,,,,,,,,,,,,,,,,,,,
"(476, 978, '0')",0,,,,,,,,,,,,,,,,,,,,,
"(964, 978, '0')",0,,,,,,,,,,,,,,,,,,,,,
"(981, 978, '0')",0,,,,,,,,,,,,,,,,,,,,,
"(476, 957, '0')",0,,,,,,,,,,,,,,,,,,,,,
"(978, 957, '0')",0,,,,,,,,,,,,,,,,,,,,,
"(481, 1406, '0')",0,,,,,,,,,,,,,,,,,,,,,
"(1408, 1406, '0')",0,,,,,,,,,,,,,,,,,,,,,
"(481, 1413, '0')",0,,,,,,,,,,,,,,,,,,,,,
"(1410, 1413, '0')",0,,,,,,,,,,,,,,,,,,,,,
"(481, 1024, '0')",0,,,,,,,,,,,,,,,,,,,,,
"(1023, 1024, '0')",0,,,,,,,,,,,,,,,,,,,,,
"(484, 253, '0')",0,,,,,,,,,,,,,,,,,,,,,
"(489, 253, '0')",1,2086.6,3709.9,2987.1,2235.6,1834.1,1706.1,1532.9,1349.0,1206.6,1036.1,1056.3,1036.1,1176.4,1397.9,1408.3,1274.3,1275.6,1337.6,1239.3,1277.1,1266.9
"(489, 488, '0')",1,1920.5,-971.4,-411.3,261.7,443.7,633.9,729.6,836.5,871.6,925.1,954.2,925.1,739.2,511.4,504.0,637.6,636.6,569.7,651.4,618.9,631.4
"(257, 929, '0')",0,,,,,,,,,,,,,,,,,,,,,
"(928, 929, '0')",0,,,,,,,,,,,,,,,,,,,,,
"(495, 1354, '0')",0,,,,,,,,,,,,,,,,,,,,,
"(1351, 1354, '0')",0,,,,,,,,,,,,,,,,,,,,,
"(495, 1368, '0')",0,,,,,,,,,,,,,,,,,,,,,
"(1371, 1368, '0')",0,,,,,,,,,,,,,,,,,,,,,
"(495, 224, '0')",0,,,,,,,,,,,,,,,,,,,,,
"(941, 224, '0')",0,,,,,,,,,,,,,,,,,,,,,
"(504, 503, '0')",0,,,,,,,,,,,,,,,,,,,,,
"(508, 1325, '0')",0,,,,,,,,,,,,,,,,,,,,,
"(509, 1325, '0')",0,,,,,,,,,,,,,,,,,,,,,
"(509, 1326, '0')",0,,,,,,,,,,,,,,,,,,,,,
"(509, 1620, '0')",0,,,,,,,,,,,,,,,,,,,,,
"(509, 888, '0')",0,,,,,,,,,,,,,,,,,,,,,
"(611, 888, '0')",0,,,,,,,,,,,,,,,,,,,,,
"(528, 527, '0')",0,,,,,,,,,,,,,,,,,,,,,
"(528, 155, '0')",0,,,,,,,,,,,,,,,,,,,,,
"(539, 41, '0')",1,1698.0,-417.9,-116.2,-262.7,-280.4,-369.2,-306.1,-360.9,-364.1,-404.2,-371.6,-404.2,-671.0,-729.2,-712.1,-667.2,-671.2,-668.4,-634.1,-656.0,-652.1
"(539, 222, '0')",0,,,,,,,,,,,,,,,,,,,,,
"(546, 545, '0')",0,,,,,,,,,,,,,,,,,,,,,
"(546, 259, '0')",0,,,,,,,,,,,,,,,,,,,,,
"(547, 217, '0')",0,,,,,,,,,,,,,,,,,,,,,
"(554, 542, '0')",0,,,,,,,,,,,,,,,,,,,,,
"(556, 554, '0')",0,,,,,,,,,,,,,,,,,,,,,
"(556, 152, '0')",0,,,,,,,,,,,,,,,,,,,,,
"(559, 227, '0')",0,,,,,,,,,,,,,,,,,,,,,
"(702, 227, '0')",0,,,,,,,,,,,,,,,,,,,,,
"(704, 227, '0')",0,,,,,,,,,,,,,,,,,,,,,
"(705, 227, '0')",0,,,,,,,,,,,,,,,,,,,,,
"(568, 770, '0')",0,,,,,,,,,,,,,,,,,,,,,
"(774, 770, '0')",0,,,,,,,,,,,,,,,,,,,,,
"(783, 770, '0')",0,,,,,,,,,,,,,,,,,,,,,
"(787, 770, '0')",0,,,,,,,,,,,,,,,,,,,,,
"(583, 585, '0')",0,,,,,,,,,,,,,,,,,,,,,
"(584, 588, '0')",1,1683.0,-644.1,-644.1,-644.1,-644.1,-644.1,-644.1,-644.1,-644.1,-644.1,-644.1,-644.1,-644.1,-644.1,-644.1,-644.1,-644.1,-644.1,-644.1,-644.1,-644.1
"(585, 591, '0')",0,,,,,,,,,,,,,,,,,,,,,
"(586, 584, '0')",0,,,,,,,,,,,,,,,,,,,,,
"(587, 583, '0')",1,2134.0,182.5,182.5,182.5,182.5,182.5,182.5,182.5,182.5,182.5,182.5,182.5,182.5,182.5,182.5,182.5,182.5,182.5,182.5,182.5,182.5
"(588, 291, '0')",0,,,,,,,,,,,,,,,,,,,,,
"(292, 587, '0')",0,,,,,,,,,,,,,,,,,,,,,
"(591, 593, '0')",0,,,,,,,,,,,,,,,,,,,,,
"(592, 586, '0')",0,,,,,,,,,,,,,,,,,,,,,
"(593, 595, '0')",0,,,,,,,,,,,,,,,,,,,,,
"(594, 626, '0')",0,,,,,,,,,,,,,,,,,,,,,
"(595, 597, '0')",0,,,,,,,,,,,,,,,,,,,,,
"(596, 594, '0')",0,,,,,,,,,,,,,,,,,,,,,
"(597, 618, '0')",0,,,,,,,,,,,,,,,,,,,,,
"(597, 599, '0')",0,,,,,,,,,,,,,,,,,,,,,
"(598, 596, '0')",0,,,,,,,,,,,,,,,,,,,,,
"(599, 601, '0')",0,,,,,,,,,,,,,,,,,,,,,
"(600, 598, '0')",0,,,,,,,,,,,,,,,,,,,,,
"(621, 598, '0')",0,,,,,,,,,,,,,,,,,,,,,
"(602, 600, '0')",0,,,,,,,,,,,,,,,,,,,,,
"(603, 1194, '0')",0,,,,,,,,,,,,,,,,,,,,,
"(604, 657, '0')",0,,,,,,,,,,,,,,,,,,,,,
"(604, 602, '0')",0,,,,,,,,,,,,,,,,,,,,,
"(626, 592, '0')",0,,,,,,,,,,,,,,,,,,,,,
"(1198, 1619, '0')",0,,,,,,,,,,,,,,,,,,,,,
"(631, 635, '0')",1,2495.0,2622.4,2622.4,2622.4,2622.4,2622.4,2622.4,2622.4,2622.4,2622.4,2622.4,2622.4,2622.4,2622.4,2622.4,2622.4,2622.4,2622.4,2622.4,2622.4,2622.4
"(632, 1197, '0')",0,,,,,,,,,,,,,,,,,,,,,
"(633, 637, '0')",0,,,,,,,,,,,,,,,,,,,,,
"(634, 636, '0')",0,,,,,,,,,,,,,,,,,,,,,
"(635, 633, '0')",0,,,,,,,,,,,,,,,,,,,,,
"(636, 632, '0')",0,,,,,,,,,,,,,,,,,,,,,
"(637, 1096, '0')",0,,,,,,,,,,,,,,,,,,,,,
"(637, 639, '0')",1,2126.4,219.9,-126.7,-401.3,-211.5,-590.6,-694.8,-479.6,-471.1,-451.3,-656.7,-451.3,834.2,568.2,498.4,297.9,287.0,292.2,285.4,276.4,279.9
"(638, 634, '0')",1,2765.0,-539.0,-1122.9,-1016.4,-1427.7,-1249.6,-1167.7,-1263.5,-1255.4,-1301.1,-1198.9,-1301.1,-106.2,-516.8,-602.1,-756.0,-773.0,-785.2,-844.8,-777.4,-789.8
"(1094, 634, '0')",0,,,,,,,,,,,,,,,,,,,,,
"(639, 641, '0')",0,,,,,,,,,,,,,,,,,,,,,
"(1101, 641, '0')",0,,,,,,,,,,,,,,,,,,,,,
"(641, 86, '0')",1,1576.0,4117.1,2020.8,1817.3,1993.5,1525.1,1410.7,1608.9,1609.9,1644.5,1414.8,1644.5,3889.4,3888.0,3894.0,3893.6,3904.2,3896.6,3900.4,3902.3,3917.0
"(296, 577, '0')",0,,,,,,,,,,,,,,,,,,,,,
"(297, 662, '0')",0,,,,,,,,,,,,,,,,,,,,,
"(1123, 662, '0')",0,,,,,,,,,,,,,,,,,,,,,
"(647, 294, '0')",0,,,,,,,,,,,,,,,,,,,,,
"(662, 1123, '0')",0,,,,,,,,,,,,,,,,,,,,,
"(1124, 1123, '0')",0,,,,,,,,,,,,,,,,,,,,,
"(1131, 1123, '0')",0,,,,,,,,,,,,,,,,,,,,,
"(1149, 1123, '0')",0,,,,,,,,,,,,,,,,,,,,,
"(662, 1589, '0')",0,,,,,,,,,,,,,,,,,,,,,
"(665, 433, '0')",0,,,,,,,,,,,,,,,,,,,,,
"(668, 341, '0')",0,,,,,,,,,,,,,,,,,,,,,
"(671, 937, '0')",0,,,,,,,,,,,,,,,,,,,,,
"(987, 937, '0')",0,,,,,,,,,,,,,,,,,,,,,
"(989, 937, '0')",0,,,,,,,,,,,,,,,,,,,,,
"(990, 937, '0')",0,,,,,,,,,,,,,,,,,,,,,
"(675, 1440, '0')",0,,,,,,,,,,,,,,,,,,,,,
"(1443, 1440, '0')",0,,,,,,,,,,,,,,,,,,,,,
"(675, 1066, '0')",0,,,,,,,,,,,,,,,,,,,,,
"(1104, 1066, '0')",0,,,,,,,,,,,,,,,,,,,,,
"(1105, 1066, '0')",0,,,,,,,,,,,,,,,,,,,,,
"(1106, 1066, '0')",0,,,,,,,,,,,,,,,,,,,,,
"(676, 174, '0')",1,3383.0,750.9,750.9,750.9,750.9,750.9,750.9,750.9,750.9,750.9,750.9,750.9,750.9,750.9,750.9,750.9,750.9,750.9,750.9,750.9,750.9
"(677, 149, '0')",1,2150.0,1368.8,1563.9,1288.9,1136.4,1004.2,948.8,868.5,832.2,775.4,763.7,775.4,1116.6,1118.2,1131.7,1175.1,1175.7,1177.9,1182.9,1166.4,1168.9
"(680, 696, '0')",0,,,,,,,,,,,,,,,,,,,,,
"(681, 680, '0')",0,,,,,,,,,,,,,,,,,,,,,
"(682, 685, '0')",1,2828.0,158.8,158.8,158.8,158.8,158.8,158.8,158.8,158.8,158.8,158.8,158.8,158.8,158.8,158.8,158.8,158.8,158.8,158.8,158.8,158.8
"(683, 684, '0')",0,,,,,,,,,,,,,,,,,,,,,
"(684, 682, '0')",0,,,,,,,,,,,,,,,,,,,,,
"(685, 335, '0')",0,,,,,,,,,,,,,,,,,,,,,
"(687, 695, '0')",0,,,,,,,,,,,,,,,,,,,,,
"(688, 689, '0')",0,,,,,,,,,,,,,,,,,,,,,
"(689, 338, '0')",1,1444.4,1481.1,1481.1,1481.1,1481.1,1481.1,1481.1,1481.1,1481.1,1481.1,1481.1,1481.1,1481.1,1481.1,1481.1,1481.1,1481.1,1481.1,1481.1,1481.1,1481.1
"(690, 691, '0')",0,,,,,,,,,,,,,,,,,,,,,
"(691, 687, '0')",0,,,,,,,,,,,,,,,,,,,,,
"(692, 690, '0')",0,,,,,,,,,,,,,,,,,,,,,
"(298, 337, '0')",0,,,,,,,,,,,,,,,,,,,,,
"(695, 688, '0')",0,,,,,,,,,,,,,,,,,,,,,
"(696, 683, '0')",0,,,,,,,,,,,,,,,,,,,,,
"(697, 295, '0')",0,,,,,,,,,,,,,,,,,,,,,
"(698, 15, '0')",0,,,,,,,,,,,,,,,,,,,,,
"(704, 707, '0')",0,,,,,,,,,,,,,,,,,,,,,
"(705, 1223, '0')",0,,,,,,,,,,,,,,,,,,,,,
"(706, 1193, '0')",0,,,,,,,,,,,,,,,,,,,,,
"(706, 715, '0')",0,,,,,,,,,,,,,,,,,,,,,
"(855, 715, '0')",0,,,,,,,,,,,,,,,,,,,,,
"(706, 710, '0')",0,,,,,,,,,,,,,,,,,,,,,
"(709, 105, '0')",0,,,,,,,,,,,,,,,,,,,,,
"(710, 719, '0')",0,,,,,,,,,,,,,,,,,,,,,
"(711, 703, '0')",0,,,,,,,,,,,,,,,,,,,,,
"(306, 729, '0')",0,,,,,,,,,,,,,,,,,,,,,
"(715, 855, '0')",0,,,,,,,,,,,,,,,,,,,,,
"(318, 855, '0')",0,,,,,,,,,,,,,,,,,,,,,
"(716, 717, '0')",0,,,,,,,,,,,,,,,,,,,,,
"(718, 716, '0')",0,,,,,,,,,,,,,,,,,,,,,
"(718, 722, '0')",0,,,,,,,,,,,,,,,,,,,,,
"(820, 722, '0')",0,,,,,,,,,,,,,,,,,,,,,
"(718, 720, '0')",0,,,,,,,,,,,,,,,,,,,,,
"(719, 718, '0')",0,,,,,,,,,,,,,,,,,,,,,
"(721, 718, '0')",0,,,,,,,,,,,,,,,,,,,,,
"(722, 718, '0')",0,,,,,,,,,,,,,,,,,,,,,
"(720, 822, '0')",0,,,,,,,,,,,,,,,,,,,,,
"(722, 820, '0')",0,,,,,,,,,,,,,,,,,,,,,
"(315, 820, '0')",0,,,,,,,,,,,,,,,,,,,,,
"(317, 821, '0')",0,,,,,,,,,,,,,,,,,,,,,
"(728, 311, '0')",0,,,,,,,,,,,,,,,,,,,,,
"(733, 734, '0')",0,,,,,,,,,,,,,,,,,,,,,
"(734, 735, '0')",0,,,,,,,,,,,,,,,,,,,,,
"(740, 735, '0')",0,,,,,,,,,,,,,,,,,,,,,
"(746, 735, '0')",0,,,,,,,,,,,,,,,,,,,,,
"(748, 735, '0')",0,,,,,,,,,,,,,,,,,,,,,
"(735, 740, '0')",0,,,,,,,,,,,,,,,,,,,,,
"(742, 740, '0')",0,,,,,,,,,,,,,,,,,,,,,
"(735, 745, '0')",0,,,,,,,,,,,,,,,,,,,,,
"(735, 748, '0')",0,,,,,,,,,,,,,,,,,,,,,
"(819, 748, '0')",0,,,,,,,,,,,,,,,,,,,,,
"(735, 739, '0')",0,,,,,,,,,,,,,,,,,,,,,
"(739, 972, '0')",0,,,,,,,,,,,,,,,,,,,,,
"(971, 972, '0')",0,,,,,,,,,,,,,,,,,,,,,
"(739, 969, '0')",0,,,,,,,,,,,,,,,,,,,,,
"(973, 969, '0')",0,,,,,,,,,,,,,,,,,,,,,
"(740, 741, '0')",0,,,,,,,,,,,,,,,,,,,,,
"(741, 743, '0')",0,,,,,,,,,,,,,,,,,,,,,
"(744, 743, '0')",0,,,,,,,,,,,,,,,,,,,,,
"(751, 743, '0')",0,,,,,,,,,,,,,,,,,,,,,
"(743, 751, '0')",0,,,,,,,,,,,,,,,,,,,,,
"(322, 751, '0')",0,,,,,,,,,,,,,,,,,,,,,
"(743, 742, '0')",0,,,,,,,,,,,,,,,,,,,,,
"(745, 747, '0')",0,,,,,,,,,,,,,,,,,,,,,
"(753, 747, '0')",0,,,,,,,,,,,,,,,,,,,,,
"(755, 747, '0')",0,,,,,,,,,,,,,,,,,,,,,
"(757, 747, '0')",0,,,,,,,,,,,,,,,,,,,,,
"(747, 755, '0')",0,,,,,,,,,,,,,,,,,,,,,
"(775, 755, '0')",0,,,,,,,,,,,,,,,,,,,,,
"(747, 756, '0')",0,,,,,,,,,,,,,,,,,,,,,
"(747, 753, '0')",0,,,,,,,,,,,,,,,,,,,,,
"(327, 753, '0')",0,,,,,,,,,,,,,,,,,,,,,
"(747, 746, '0')",0,,,,,,,,,,,,,,,,,,,,,
"(748, 819, '0')",0,,,,,,,,,,,,,,,,,,,,,
"(321, 819, '0')",0,,,,,,,,,,,,,,,,,,,,,
"(751, 1244, '0')",0,,,,,,,,,,,,,,,,,,,,,
"(753, 1322, '0')",0,,,,,,,,,,,,,,,,,,,,,
"(756, 758, '0')",0,,,,,,,,,,,,,,,,,,,,,
"(759, 758, '0')",0,,,,,,,,,,,,,,,,,,,,,
"(764, 758, '0')",0,,,,,,,,,,,,,,,,,,,,,
"(768, 758, '0')",0,,,,,,,,,,,,,,,,,,,,,
"(758, 757, '0')",0,,,,,,,,,,,,,,,,,,,,,
"(758, 768, '0')",0,,,,,,,,,,,,,,,,,,,,,
"(761, 768, '0')",0,,,,,,,,,,,,,,,,,,,,,
"(758, 765, '0')",0,,,,,,,,,,,,,,,,,,,,,
"(758, 759, '0')",0,,,,,,,,,,,,,,,,,,,,,
"(329, 759, '0')",0,,,,,,,,,,,,,,,,,,,,,
"(759, 1344, '0')",0,,,,,,,,,,,,,,,,,,,,,
"(761, 1224, '0')",0,,,,,,,,,,,,,,,,,,,,,
"(766, 1224, '0')",0,,,,,,,,,,,,,,,,,,,,,
"(1226, 1224, '0')",0,,,,,,,,,,,,,,,,,,,,,
"(762, 764, '0')",0,,,,,,,,,,,,,,,,,,,,,
"(762, 993, '0')",0,,,,,,,,,,,,,,,,,,,,,
"(802, 993, '0')",0,,,,,,,,,,,,,,,,,,,,,
"(762, 805, '0')",0,,,,,,,,,,,,,,,,,,,,,
"(762, 806, '0')",0,,,,,,,,,,,,,,,,,,,,,
"(349, 806, '0')",0,,,,,,,,,,,,,,,,,,,,,
"(765, 762, '0')",0,,,,,,,,,,,,,,,,,,,,,
"(803, 762, '0')",0,,,,,,,,,,,,,,,,,,,,,
"(806, 762, '0')",0,,,,,,,,,,,,,,,,,,,,,
"(993, 762, '0')",0,,,,,,,,,,,,,,,,,,,,,
"(766, 767, '0')",0,,,,,,,,,,,,,,,,,,,,,
"(771, 767, '0')",0,,,,,,,,,,,,,,,,,,,,,
"(767, 771, '0')",0,,,,,,,,,,,,,,,,,,,,,
"(772, 771, '0')",0,,,,,,,,,,,,,,,,,,,,,
"(767, 766, '0')",0,,,,,,,,,,,,,,,,,,,,,
"(1224, 766, '0')",0,,,,,,,,,,,,,,,,,,,,,
"(768, 761, '0')",0,,,,,,,,,,,,,,,,,,,,,
"(1224, 761, '0')",0,,,,,,,,,,,,,,,,,,,,,
"(769, 1214, '0')",0,,,,,,,,,,,,,,,,,,,,,
"(769, 1211, '0')",0,,,,,,,,,,,,,,,,,,,,,
"(1213, 1211, '0')",0,,,,,,,,,,,,,,,,,,,,,
"(770, 783, '0')",0,,,,,,,,,,,,,,,,,,,,,
"(374, 783, '0')",0,,,,,,,,,,,,,,,,,,,,,
"(770, 773, '0')",0,,,,,,,,,,,,,,,,,,,,,
"(770, 1221, '0')",0,,,,,,,,,,,,,,,,,,,,,
"(771, 772, '0')",0,,,,,,,,,,,,,,,,,,,,,
"(773, 772, '0')",0,,,,,,,,,,,,,,,,,,,,,
"(789, 772, '0')",0,,,,,,,,,,,,,,,,,,,,,
"(794, 772, '0')",0,,,,,,,,,,,,,,,,,,,,,
"(772, 774, '0')",0,,,,,,,,,,,,,,,,,,,,,
"(772, 789, '0')",0,,,,,,,,,,,,,,,,,,,,,
"(376, 789, '0')",0,,,,,,,,,,,,,,,,,,,,,
"(772, 793, '0')",0,,,,,,,,,,,,,,,,,,,,,
"(783, 1329, '0')",0,,,,,,,,,,,,,,,,,,,,,
"(789, 1346, '0')",0,,,,,,,,,,,,,,,,,,,,,
"(790, 792, '0')",0,,,,,,,,,,,,,,,,,,,,,
"(790, 799, '0')",0,,,,,,,,,,,,,,,,,,,,,
"(383, 799, '0')",0,,,,,,,,,,,,,,,,,,,,,
"(790, 795, '0')",0,,,,,,,,,,,,,,,,,,,,,
"(790, 798, '0')",0,,,,,,,,,,,,,,,,,,,,,
"(382, 798, '0')",0,,,,,,,,,,,,,,,,,,,,,
"(791, 790, '0')",0,,,,,,,,,,,,,,,,,,,,,
"(793, 790, '0')",0,,,,,,,,,,,,,,,,,,,,,
"(798, 790, '0')",0,,,,,,,,,,,,,,,,,,,,,
"(799, 790, '0')",0,,,,,,,,,,,,,,,,,,,,,
"(792, 1200, '0')",0,,,,,,,,,,,,,,,,,,,,,
"(1201, 1200, '0')",0,,,,,,,,,,,,,,,,,,,,,
"(795, 129, '0')",0,,,,,,,,,,,,,,,,,,,,,
"(809, 129, '0')",0,,,,,,,,,,,,,,,,,,,,,
"(814, 129, '0')",0,,,,,,,,,,,,,,,,,,,,,
"(817, 129, '0')",0,,,,,,,,,,,,,,,,,,,,,
"(798, 1349, '0')",0,,,,,,,,,,,,,,,,,,,,,
"(799, 1348, '0')",0,,,,,,,,,,,,,,,,,,,,,
"(800, 791, '0')",0,,,,,,,,,,,,,,,,,,,,,
"(384, 802, '0')",0,,,,,,,,,,,,,,,,,,,,,
"(993, 802, '0')",0,,,,,,,,,,,,,,,,,,,,,
"(802, 1361, '0')",0,,,,,,,,,,,,,,,,,,,,,
"(805, 1205, '0')",0,,,,,,,,,,,,,,,,,,,,,
"(806, 1375, '0')",0,,,,,,,,,,,,,,,,,,,,,
"(808, 838, '0')",0,,,,,,,,,,,,,,,,,,,,,
"(837, 838, '0')",0,,,,,,,,,,,,,,,,,,,,,
"(808, 1261, '0')",0,,,,,,,,,,,,,,,,,,,,,
"(808, 1238, '0')",0,,,,,,,,,,,,,,,,,,,,,
"(812, 846, '0')",0,,,,,,,,,,,,,,,,,,,,,
"(813, 815, '0')",0,,,,,,,,,,,,,,,,,,,,,
"(816, 815, '0')",0,,,,,,,,,,,,,,,,,,,,,
"(814, 813, '0')",0,,,,,,,,,,,,,,,,,,,,,
"(815, 813, '0')",0,,,,,,,,,,,,,,,,,,,,,
"(816, 1385, '0')",0,,,,,,,,,,,,,,,,,,,,,
"(818, 1243, '0')",0,,,,,,,,,,,,,,,,,,,,,
"(819, 1280, '0')",0,,,,,,,,,,,,,,,,,,,,,
"(820, 1218, '0')",0,,,,,,,,,,,,,,,,,,,,,
"(821, 721, '0')",0,,,,,,,,,,,,,,,,,,,,,
"(822, 316, '0')",0,,,,,,,,,,,,,,,,,,,,,
"(823, 1386, '0')",0,,,,,,,,,,,,,,,,,,,,,
"(824, 834, '0')",0,,,,,,,,,,,,,,,,,,,,,
"(833, 834, '0')",0,,,,,,,,,,,,,,,,,,,,,
"(824, 1248, '0')",0,,,,,,,,,,,,,,,,,,,,,
"(1247, 1248, '0')",0,,,,,,,,,,,,,,,,,,,,,
"(567, 1248, '0')",0,,,,,,,,,,,,,,,,,,,,,
"(824, 832, '0')",0,,,,,,,,,,,,,,,,,,,,,
"(418, 832, '0')",0,,,,,,,,,,,,,,,,,,,,,
"(824, 1256, '0')",0,,,,,,,,,,,,,,,,,,,,,
"(825, 824, '0')",0,,,,,,,,,,,,,,,,,,,,,
"(829, 824, '0')",0,,,,,,,,,,,,,,,,,,,,,
"(832, 824, '0')",0,,,,,,,,,,,,,,,,,,,,,
"(834, 824, '0')",0,,,,,,,,,,,,,,,,,,,,,
"(828, 826, '0')",0,,,,,,,,,,,,,,,,,,,,,
"(832, 1484, '0')",0,,,,,,,,,,,,,,,,,,,,,
"(834, 833, '0')",0,,,,,,,,,,,,,,,,,,,,,
"(1241, 833, '0')",0,,,,,,,,,,,,,,,,,,,,,
"(420, 837, '0')",0,,,,,,,,,,,,,,,,,,,,,
"(838, 837, '0')",0,,,,,,,,,,,,,,,,,,,,,
"(837, 1399, '0')",0,,,,,,,,,,,,,,,,,,,,,
"(840, 853, '0')",0,,,,,,,,,,,,,,,,,,,,,
"(443, 853, '0')",0,,,,,,,,,,,,,,,,,,,,,
"(840, 854, '0')",0,,,,,,,,,,,,,,,,,,,,,
"(852, 854, '0')",0,,,,,,,,,,,,,,,,,,,,,
"(841, 881, '0')",0,,,,,,,,,,,,,,,,,,,,,
"(880, 881, '0')",0,,,,,,,,,,,,,,,,,,,,,
"(841, 1288, '0')",0,,,,,,,,,,,,,,,,,,,,,
"(841, 1279, '0')",0,,,,,,,,,,,,,,,,,,,,,
"(842, 1276, '0')",0,,,,,,,,,,,,,,,,,,,,,
"(581, 1276, '0')",0,,,,,,,,,,,,,,,,,,,,,
"(842, 867, '0')",0,,,,,,,,,,,,,,,,,,,,,
"(869, 867, '0')",0,,,,,,,,,,,,,,,,,,,,,
"(842, 843, '0')",0,,,,,,,,,,,,,,,,,,,,,
"(844, 842, '0')",0,,,,,,,,,,,,,,,,,,,,,
"(867, 842, '0')",0,,,,,,,,,,,,,,,,,,,,,
"(870, 842, '0')",0,,,,,,,,,,,,,,,,,,,,,
"(845, 1492, '0')",0,,,,,,,,,,,,,,,,,,,,,
"(847, 1495, '0')",0,,,,,,,,,,,,,,,,,,,,,
"(848, 882, '0')",0,,,,,,,,,,,,,,,,,,,,,
"(1281, 882, '0')",0,,,,,,,,,,,,,,,,,,,,,
"(848, 1297, '0')",0,,,,,,,,,,,,,,,,,,,,,
"(848, 890, '0')",0,,,,,,,,,,,,,,,,,,,,,
"(889, 890, '0')",0,,,,,,,,,,,,,,,,,,,,,
"(848, 1268, '0')",0,,,,,,,,,,,,,,,,,,,,,
"(849, 848, '0')",0,,,,,,,,,,,,,,,,,,,,,
"(882, 848, '0')",0,,,,,,,,,,,,,,,,,,,,,
"(890, 848, '0')",0,,,,,,,,,,,,,,,,,,,,,
"(891, 848, '0')",0,,,,,,,,,,,,,,,,,,,,,
"(442, 852, '0')",0,,,,,,,,,,,,,,,,,,,,,
"(854, 852, '0')",0,,,,,,,,,,,,,,,,,,,,,
"(852, 1494, '0')",0,,,,,,,,,,,,,,,,,,,,,
"(853, 1493, '0')",0,,,,,,,,,,,,,,,,,,,,,
"(855, 1220, '0')",0,,,,,,,,,,,,,,,,,,,,,
"(856, 858, '0')",0,,,,,,,,,,,,,,,,,,,,,
"(857, 858, '0')",0,,,,,,,,,,,,,,,,,,,,,
"(861, 858, '0')",0,,,,,,,,,,,,,,,,,,,,,
"(863, 858, '0')",0,,,,,,,,,,,,,,,,,,,,,
"(858, 861, '0')",0,,,,,,,,,,,,,,,,,,,,,
"(450, 861, '0')",0,,,,,,,,,,,,,,,,,,,,,
"(858, 1253, '0')",0,,,,,,,,,,,,,,,,,,,,,
"(571, 1253, '0')",0,,,,,,,,,,,,,,,,,,,,,
"(858, 863, '0')",0,,,,,,,,,,,,,,,,,,,,,
"(862, 863, '0')",0,,,,,,,,,,,,,,,,,,,,,
"(858, 1247, '0')",0,,,,,,,,,,,,,,,,,,,,,
"(453, 862, '0')",0,,,,,,,,,,,,,,,,,,,,,
"(863, 862, '0')",0,,,,,,,,,,,,,,,,,,,,,
"(861, 1488, '0')",0,,,,,,,,,,,,,,,,,,,,,
"(862, 1489, '0')",0,,,,,,,,,,,,,,,,,,,,,
"(454, 889, '0')",0,,,,,,,,,,,,,,,,,,,,,
"(890, 889, '0')",0,,,,,,,,,,,,,,,,,,,,,
"(455, 869, '0')",0,,,,,,,,,,,,,,,,,,,,,
"(867, 869, '0')",0,,,,,,,,,,,,,,,,,,,,,
"(869, 1497, '0')",0,,,,,,,,,,,,,,,,,,,,,
"(456, 892, '0')",0,,,,,,,,,,,,,,,,,,,,,
"(880, 892, '0')",0,,,,,,,,,,,,,,,,,,,,,
"(462, 875, '0')",0,,,,,,,,,,,,,,,,,,,,,
"(877, 875, '0')",0,,,,,,,,,,,,,,,,,,,,,
"(874, 886, '0')",0,,,,,,,,,,,,,,,,,,,,,
"(887, 886, '0')",0,,,,,,,,,,,,,,,,,,,,,
"(874, 1299, '0')",0,,,,,,,,,,,,,,,,,,,,,
"(612, 1299, '0')",0,,,,,,,,,,,,,,,,,,,,,
"(874, 876, '0')",0,,,,,,,,,,,,,,,,,,,,,
"(877, 876, '0')",0,,,,,,,,,,,,,,,,,,,,,
"(874, 1286, '0')",0,,,,,,,,,,,,,,,,,,,,,
"(608, 1286, '0')",0,,,,,,,,,,,,,,,,,,,,,
"(875, 877, '0')",0,,,,,,,,,,,,,,,,,,,,,
"(876, 877, '0')",0,,,,,,,,,,,,,,,,,,,,,
"(875, 1508, '0')",0,,,,,,,,,,,,,,,,,,,,,
"(881, 880, '0')",0,,,,,,,,,,,,,,,,,,,,,
"(892, 880, '0')",0,,,,,,,,,,,,,,,,,,,,,
"(882, 1281, '0')",0,,,,,,,,,,,,,,,,,,,,,
"(1284, 1281, '0')",0,,,,,,,,,,,,,,,,,,,,,
"(884, 509, '0')",0,,,,,,,,,,,,,,,,,,,,,
"(893, 509, '0')",0,,,,,,,,,,,,,,,,,,,,,
"(898, 509, '0')",0,,,,,,,,,,,,,,,,,,,,,
"(1325, 509, '0')",0,,,,,,,,,,,,,,,,,,,,,
"(463, 887, '0')",0,,,,,,,,,,,,,,,,,,,,,
"(886, 887, '0')",0,,,,,,,,,,,,,,,,,,,,,
"(887, 1507, '0')",0,,,,,,,,,,,,,,,,,,,,,
"(889, 1504, '0')",0,,,,,,,,,,,,,,,,,,,,,
"(892, 1502, '0')",0,,,,,,,,,,,,,,,,,,,,,
"(894, 508, '0')",0,,,,,,,,,,,,,,,,,,,,,
"(1325, 508, '0')",0,,,,,,,,,,,,,,,,,,,,,
"(894, 1513, '0')",0,,,,,,,,,,,,,,,,,,,,,
"(895, 1518, '0')",0,,,,,,,,,,,,,,,,,,,,,
"(896, 1293, '0')",0,,,,,,,,,,,,,,,,,,,,,
"(1292, 1293, '0')",0,,,,,,,,,,,,,,,,,,,,,
"(1296, 1293, '0')",0,,,,,,,,,,,,,,,,,,,,,
"(609, 1293, '0')",0,,,,,,,,,,,,,,,,,,,,,
"(897, 913, '0')",0,,,,,,,,,,,,,,,,,,,,,
"(912, 913, '0')",0,,,,,,,,,,,,,,,,,,,,,
"(897, 1337, '0')",0,,,,,,,,,,,,,,,,,,,,,
"(897, 914, '0')",0,,,,,,,,,,,,,,,,,,,,,
"(1474, 914, '0')",0,,,,,,,,,,,,,,,,,,,,,
"(897, 1327, '0')",0,,,,,,,,,,,,,,,,,,,,,
"(899, 897, '0')",0,,,,,,,,,,,,,,,,,,,,,
"(913, 897, '0')",0,,,,,,,,,,,,,,,,,,,,,
"(914, 897, '0')",0,,,,,,,,,,,,,,,,,,,,,
"(916, 897, '0')",0,,,,,,,,,,,,,,,,,,,,,
"(900, 223, '0')",0,,,,,,,,,,,,,,,,,,,,,
"(901, 223, '0')",0,,,,,,,,,,,,,,,,,,,,,
"(930, 223, '0')",0,,,,,,,,,,,,,,,,,,,,,
"(933, 223, '0')",0,,,,,,,,,,,,,,,,,,,,,
"(901, 1363, '0')",0,,,,,,,,,,,,,,,,,,,,,
"(1360, 1363, '0')",0,,,,,,,,,,,,,,,,,,,,,
"(901, 1531, '0')",0,,,,,,,,,,,,,,,,,,,,,
"(902, 1357, '0')",0,,,,,,,,,,,,,,,,,,,,,
"(1356, 1357, '0')",0,,,,,,,,,,,,,,,,,,,,,
"(902, 915, '0')",0,,,,,,,,,,,,,,,,,,,,,
"(1475, 915, '0')",0,,,,,,,,,,,,,,,,,,,,,
"(902, 1358, '0')",0,,,,,,,,,,,,,,,,,,,,,
"(1352, 1358, '0')",0,,,,,,,,,,,,,,,,,,,,,
"(902, 918, '0')",0,,,,,,,,,,,,,,,,,,,,,
"(917, 918, '0')",0,,,,,,,,,,,,,,,,,,,,,
"(903, 904, '0')",0,,,,,,,,,,,,,,,,,,,,,
"(903, 921, '0')",0,,,,,,,,,,,,,,,,,,,,,
"(478, 921, '0')",0,,,,,,,,,,,,,,,,,,,,,
"(903, 1356, '0')",0,,,,,,,,,,,,,,,,,,,,,
"(1357, 1356, '0')",0,,,,,,,,,,,,,,,,,,,,,
"(907, 902, '0')",0,,,,,,,,,,,,,,,,,,,,,
"(908, 902, '0')",0,,,,,,,,,,,,,,,,,,,,,
"(915, 902, '0')",0,,,,,,,,,,,,,,,,,,,,,
"(918, 902, '0')",0,,,,,,,,,,,,,,,,,,,,,
"(472, 912, '0')",0,,,,,,,,,,,,,,,,,,,,,
"(913, 912, '0')",0,,,,,,,,,,,,,,,,,,,,,
"(474, 917, '0')",0,,,,,,,,,,,,,,,,,,,,,
"(918, 917, '0')",0,,,,,,,,,,,,,,,,,,,,,
"(912, 1523, '0')",0,,,,,,,,,,,,,,,,,,,,,
"(917, 1524, '0')",0,,,,,,,,,,,,,,,,,,,,,
"(921, 1521, '0')",0,,,,,,,,,,,,,,,,,,,,,
"(928, 163, '0')",0,,,,,,,,,,,,,,,,,,,,,
"(930, 163, '0')",0,,,,,,,,,,,,,,,,,,,,,
"(929, 1529, '0')",0,,,,,,,,,,,,,,,,,,,,,
"(931, 935, '0')",0,,,,,,,,,,,,,,,,,,,,,
"(931, 953, '0')",0,,,,,,,,,,,,,,,,,,,,,
"(952, 953, '0')",0,,,,,,,,,,,,,,,,,,,,,
"(931, 998, '0')",0,,,,,,,,,,,,,,,,,,,,,
"(932, 933, '0')",0,,,,,,,,,,,,,,,,,,,,,
"(932, 946, '0')",0,,,,,,,,,,,,,,,,,,,,,
"(945, 946, '0')",0,,,,,,,,,,,,,,,,,,,,,
"(932, 936, '0')",0,,,,,,,,,,,,,,,,,,,,,
"(932, 944, '0')",0,,,,,,,,,,,,,,,,,,,,,
"(485, 944, '0')",0,,,,,,,,,,,,,,,,,,,,,
"(934, 932, '0')",0,,,,,,,,,,,,,,,,,,,,,
"(935, 932, '0')",0,,,,,,,,,,,,,,,,,,,,,
"(944, 932, '0')",0,,,,,,,,,,,,,,,,,,,,,
"(946, 932, '0')",0,,,,,,,,,,,,,,,,,,,,,
"(936, 931, '0')",0,,,,,,,,,,,,,,,,,,,,,
"(949, 931, '0')",0,,,,,,,,,,,,,,,,,,,,,
"(953, 931, '0')",0,,,,,,,,,,,,,,,,,,,,,
"(958, 931, '0')",0,,,,,,,,,,,,,,,,,,,,,
"(937, 1391, '0')",0,,,,,,,,,,,,,,,,,,,,,
"(1387, 1391, '0')",0,,,,,,,,,,,,,,,,,,,,,
"(937, 1398, '0')",0,,,,,,,,,,,,,,,,,,,,,
"(1397, 1398, '0')",0,,,,,,,,,,,,,,,,,,,,,
"(937, 990, '0')",0,,,,,,,,,,,,,,,,,,,,,
"(1000, 990, '0')",0,,,,,,,,,,,,,,,,,,,,,
"(938, 1370, '0')",0,,,,,,,,,,,,,,,,,,,,,
"(1369, 1370, '0')",0,,,,,,,,,,,,,,,,,,,,,
"(938, 950, '0')",0,,,,,,,,,,,,,,,,,,,,,
"(1380, 950, '0')",0,,,,,,,,,,,,,,,,,,,,,
"(938, 1389, '0')",0,,,,,,,,,,,,,,,,,,,,,
"(1390, 1389, '0')",0,,,,,,,,,,,,,,,,,,,,,
"(938, 963, '0')",0,,,,,,,,,,,,,,,,,,,,,
"(962, 963, '0')",0,,,,,,,,,,,,,,,,,,,,,
"(940, 938, '0')",0,,,,,,,,,,,,,,,,,,,,,
"(950, 938, '0')",0,,,,,,,,,,,,,,,,,,,,,
"(961, 938, '0')",0,,,,,,,,,,,,,,,,,,,,,
"(963, 938, '0')",0,,,,,,,,,,,,,,,,,,,,,
"(941, 1532, '0')",0,,,,,,,,,,,,,,,,,,,,,
"(482, 945, '0')",0,,,,,,,,,,,,,,,,,,,,,
"(946, 945, '0')",0,,,,,,,,,,,,,,,,,,,,,
"(944, 1534, '0')",0,,,,,,,,,,,,,,,,,,,,,
"(945, 1533, '0')",0,,,,,,,,,,,,,,,,,,,,,
"(947, 1378, '0')",0,,,,,,,,,,,,,,,,,,,,,
"(1380, 1378, '0')",0,,,,,,,,,,,,,,,,,,,,,
"(643, 1378, '0')",0,,,,,,,,,,,,,,,,,,,,,
"(947, 1538, '0')",0,,,,,,,,,,,,,,,,,,,,,
"(950, 1380, '0')",0,,,,,,,,,,,,,,,,,,,,,
"(1378, 1380, '0')",0,,,,,,,,,,,,,,,,,,,,,
"(487, 952, '0')",0,,,,,,,,,,,,,,,,,,,,,
"(953, 952, '0')",0,,,,,,,,,,,,,,,,,,,,,
"(952, 1537, '0')",0,,,,,,,,,,,,,,,,,,,,,
"(955, 956, '0')",0,,,,,,,,,,,,,,,,,,,,,
"(959, 956, '0')",0,,,,,,,,,,,,,,,,,,,,,
"(994, 956, '0')",0,,,,,,,,,,,,,,,,,,,,,
"(999, 956, '0')",0,,,,,,,,,,,,,,,,,,,,,
"(956, 954, '0')",0,,,,,,,,,,,,,,,,,,,,,
"(998, 954, '0')",0,,,,,,,,,,,,,,,,,,,,,
"(956, 475, '0')",0,,,,,,,,,,,,,,,,,,,,,
"(956, 999, '0')",0,,,,,,,,,,,,,,,,,,,,,
"(492, 999, '0')",0,,,,,,,,,,,,,,,,,,,,,
"(957, 955, '0')",0,,,,,,,,,,,,,,,,,,,,,
"(490, 962, '0')",0,,,,,,,,,,,,,,,,,,,,,
"(963, 962, '0')",0,,,,,,,,,,,,,,,,,,,,,
"(962, 1540, '0')",0,,,,,,,,,,,,,,,,,,,,,
"(499, 967, '0')",0,,,,,,,,,,,,,,,,,,,,,
"(968, 967, '0')",0,,,,,,,,,,,,,,,,,,,,,
"(967, 968, '0')",0,,,,,,,,,,,,,,,,,,,,,
"(975, 968, '0')",0,,,,,,,,,,,,,,,,,,,,,
"(967, 1544, '0')",0,,,,,,,,,,,,,,,,,,,,,
"(968, 975, '0')",0,,,,,,,,,,,,,,,,,,,,,
"(974, 975, '0')",0,,,,,,,,,,,,,,,,,,,,,
"(969, 971, '0')",0,,,,,,,,,,,,,,,,,,,,,
"(969, 973, '0')",0,,,,,,,,,,,,,,,,,,,,,
"(500, 973, '0')",0,,,,,,,,,,,,,,,,,,,,,
"(972, 737, '0')",0,,,,,,,,,,,,,,,,,,,,,
"(973, 1239, '0')",0,,,,,,,,,,,,,,,,,,,,,
"(974, 476, '0')",0,,,,,,,,,,,,,,,,,,,,,
"(977, 476, '0')",0,,,,,,,,,,,,,,,,,,,,,
"(978, 476, '0')",0,,,,,,,,,,,,,,,,,,,,,
"(981, 476, '0')",0,,,,,,,,,,,,,,,,,,,,,
"(975, 976, '0')",0,,,,,,,,,,,,,,,,,,,,,
"(978, 964, '0')",0,,,,,,,,,,,,,,,,,,,,,
"(982, 964, '0')",0,,,,,,,,,,,,,,,,,,,,,
"(979, 1003, '0')",0,,,,,,,,,,,,,,,,,,,,,
"(979, 1016, '0')",0,,,,,,,,,,,,,,,,,,,,,
"(1015, 1016, '0')",0,,,,,,,,,,,,,,,,,,,,,
"(979, 1019, '0')",0,,,,,,,,,,,,,,,,,,,,,
"(980, 981, '0')",0,,,,,,,,,,,,,,,,,,,,,
"(983, 985, '0')",0,,,,,,,,,,,,,,,,,,,,,
"(984, 980, '0')",0,,,,,,,,,,,,,,,,,,,,,
"(984, 1005, '0')",0,,,,,,,,,,,,,,,,,,,,,
"(1004, 1005, '0')",0,,,,,,,,,,,,,,,,,,,,,
"(984, 1006, '0')",0,,,,,,,,,,,,,,,,,,,,,
"(985, 984, '0')",0,,,,,,,,,,,,,,,,,,,,,
"(1003, 984, '0')",0,,,,,,,,,,,,,,,,,,,,,
"(1005, 984, '0')",0,,,,,,,,,,,,,,,,,,,,,
"(1008, 984, '0')",0,,,,,,,,,,,,,,,,,,,,,
"(986, 1397, '0')",0,,,,,,,,,,,,,,,,,,,,,
"(1398, 1397, '0')",0,,,,,,,,,,,,,,,,,,,,,
"(986, 1407, '0')",0,,,,,,,,,,,,,,,,,,,,,
"(1408, 1407, '0')",0,,,,,,,,,,,,,,,,,,,,,
"(986, 1011, '0')",0,,,,,,,,,,,,,,,,,,,,,
"(505, 1011, '0')",0,,,,,,,,,,,,,,,,,,,,,
"(988, 986, '0')",0,,,,,,,,,,,,,,,,,,,,,
"(1009, 986, '0')",0,,,,,,,,,,,,,,,,,,,,,
"(1011, 986, '0')",0,,,,,,,,,,,,,,,,,,,,,
"(1012, 986, '0')",0,,,,,,,,,,,,,,,,,,,,,
"(990, 1000, '0')",0,,,,,,,,,,,,,,,,,,,,,
"(992, 1000, '0')",0,,,,,,,,,,,,,,,,,,,,,
"(991, 1545, '0')",0,,,,,,,,,,,,,,,,,,,,,
"(992, 1546, '0')",0,,,,,,,,,,,,,,,,,,,,,
"(998, 959, '0')",0,,,,,,,,,,,,,,,,,,,,,
"(999, 1541, '0')",0,,,,,,,,,,,,,,,,,,,,,
"(502, 1004, '0')",0,,,,,,,,,,,,,,,,,,,,,
"(1005, 1004, '0')",0,,,,,,,,,,,,,,,,,,,,,
"(1004, 1547, '0')",0,,,,,,,,,,,,,,,,,,,,,
"(1006, 979, '0')",0,,,,,,,,,,,,,,,,,,,,,
"(1016, 979, '0')",0,,,,,,,,,,,,,,,,,,,,,
"(1018, 979, '0')",0,,,,,,,,,,,,,,,,,,,,,
"(1021, 979, '0')",0,,,,,,,,,,,,,,,,,,,,,
"(1011, 1550, '0')",0,,,,,,,,,,,,,,,,,,,,,
"(1013, 481, '0')",0,,,,,,,,,,,,,,,,,,,,,
"(1020, 481, '0')",0,,,,,,,,,,,,,,,,,,,,,
"(1024, 481, '0')",0,,,,,,,,,,,,,,,,,,,,,
"(1028, 481, '0')",0,,,,,,,,,,,,,,,,,,,,,
"(506, 1015, '0')",0,,,,,,,,,,,,,,,,,,,,,
"(1016, 1015, '0')",0,,,,,,,,,,,,,,,,,,,,,
"(1015, 1551, '0')",0,,,,,,,,,,,,,,,,,,,,,
"(1017, 1018, '0')",0,,,,,,,,,,,,,,,,,,,,,
"(1017, 1036, '0')",0,,,,,,,,,,,,,,,,,,,,,
"(1035, 1036, '0')",0,,,,,,,,,,,,,,,,,,,,,
"(1017, 1033, '0')",0,,,,,,,,,,,,,,,,,,,,,
"(1019, 1017, '0')",0,,,,,,,,,,,,,,,,,,,,,
"(1036, 1017, '0')",0,,,,,,,,,,,,,,,,,,,,,
"(1037, 1017, '0')",0,,,,,,,,,,,,,,,,,,,,,
"(507, 1023, '0')",0,,,,,,,,,,,,,,,,,,,,,
"(1024, 1023, '0')",0,,,,,,,,,,,,,,,,,,,,,
"(1023, 1554, '0')",0,,,,,,,,,,,,,,,,,,,,,
"(1025, 1053, '0')",0,,,,,,,,,,,,,,,,,,,,,
"(516, 1053, '0')",0,,,,,,,,,,,,,,,,,,,,,
"(1025, 1031, '0')",0,,,,,,,,,,,,,,,,,,,,,
"(1030, 1031, '0')",0,,,,,,,,,,,,,,,,,,,,,
"(1025, 1052, '0')",0,,,,,,,,,,,,,,,,,,,,,
"(518, 1052, '0')",0,,,,,,,,,,,,,,,,,,,,,
"(1025, 1032, '0')",0,,,,,,,,,,,,,,,,,,,,,
"(1027, 1032, '0')",0,,,,,,,,,,,,,,,,,,,,,
"(1026, 1412, '0')",0,,,,,,,,,,,,,,,,,,,,,
"(1414, 1412, '0')",0,,,,,,,,,,,,,,,,,,,,,
"(1026, 1027, '0')",0,,,,,,,,,,,,,,,,,,,,,
"(1032, 1027, '0')",0,,,,,,,,,,,,,,,,,,,,,
"(1026, 1029, '0')",0,,,,,,,,,,,,,,,,,,,,,
"(1441, 1029, '0')",0,,,,,,,,,,,,,,,,,,,,,
"(1026, 448, '0')",0,,,,,,,,,,,,,,,,,,,,,
"(1030, 210, '0')",0,,,,,,,,,,,,,,,,,,,,,
"(1033, 210, '0')",0,,,,,,,,,,,,,,,,,,,,,
"(1056, 210, '0')",0,,,,,,,,,,,,,,,,,,,,,
"(1061, 210, '0')",0,,,,,,,,,,,,,,,,,,,,,
"(1031, 1025, '0')",0,,,,,,,,,,,,,,,,,,,,,
"(1032, 1025, '0')",0,,,,,,,,,,,,,,,,,,,,,
"(1052, 1025, '0')",0,,,,,,,,,,,,,,,,,,,,,
"(1053, 1025, '0')",0,,,,,,,,,,,,,,,,,,,,,
"(511, 1035, '0')",0,,,,,,,,,,,,,,,,,,,,,
"(1036, 1035, '0')",0,,,,,,,,,,,,,,,,,,,,,
"(1035, 1555, '0')",0,,,,,,,,,,,,,,,,,,,,,
"(512, 1046, '0')",0,,,,,,,,,,,,,,,,,,,,,
"(1041, 515, '0')",0,,,,,,,,,,,,,,,,,,,,,
"(1043, 1177, '0')",0,,,,,,,,,,,,,,,,,,,,,
"(1108, 1177, '0')",0,,,,,,,,,,,,,,,,,,,,,
"(1176, 1177, '0')",0,,,,,,,,,,,,,,,,,,,,,
"(1183, 1177, '0')",0,,,,,,,,,,,,,,,,,,,,,
"(1046, 1042, '0')",0,,,,,,,,,,,,,,,,,,,,,
"(1047, 1044, '0')",0,,,,,,,,,,,,,,,,,,,,,
"(1048, 1561, '0')",0,,,,,,,,,,,,,,,,,,,,,
"(1052, 1560, '0')",0,,,,,,,,,,,,,,,,,,,,,
"(1053, 1559, '0')",0,,,,,,,,,,,,,,,,,,,,,
"(520, 1055, '0')",0,,,,,,,,,,,,,,,,,,,,,
"(1056, 1055, '0')",0,,,,,,,,,,,,,,,,,,,,,
"(1055, 1558, '0')",0,,,,,,,,,,,,,,,,,,,,,
"(1057, 1059, '0')",0,,,,,,,,,,,,,,,,,,,,,
"(1059, 1061, '0')",0,,,,,,,,,,,,,,,,,,,,,
"(1060, 1058, '0')",0,,,,,,,,,,,,,,,,,,,,,
"(1062, 1083, '0')",0,,,,,,,,,,,,,,,,,,,,,
"(1078, 1083, '0')",0,,,,,,,,,,,,,,,,,,,,,
"(1063, 1068, '0')",0,,,,,,,,,,,,,,,,,,,,,
"(1067, 1068, '0')",0,,,,,,,,,,,,,,,,,,,,,
"(1063, 1080, '0')",0,,,,,,,,,,,,,,,,,,,,,
"(1079, 1080, '0')",0,,,,,,,,,,,,,,,,,,,,,
"(1063, 1073, '0')",0,,,,,,,,,,,,,,,,,,,,,
"(1072, 1073, '0')",0,,,,,,,,,,,,,,,,,,,,,
"(1064, 1082, '0')",0,,,,,,,,,,,,,,,,,,,,,
"(521, 1067, '0')",0,,,,,,,,,,,,,,,,,,,,,
"(1068, 1067, '0')",0,,,,,,,,,,,,,,,,,,,,,
"(1066, 675, '0')",0,,,,,,,,,,,,,,,,,,,,,
"(1440, 675, '0')",0,,,,,,,,,,,,,,,,,,,,,
"(1066, 1104, '0')",0,,,,,,,,,,,,,,,,,,,,,
"(1424, 1104, '0')",0,,,,,,,,,,,,,,,,,,,,,
"(1066, 1106, '0')",0,,,,,,,,,,,,,,,,,,,,,
"(1438, 1106, '0')",0,,,,,,,,,,,,,,,,,,,,,
"(1066, 1105, '0')",0,,,,,,,,,,,,,,,,,,,,,
"(1107, 1105, '0')",0,,,,,,,,,,,,,,,,,,,,,
"(1067, 1568, '0')",0,,,,,,,,,,,,,,,,,,,,,
"(1068, 1063, '0')",0,,,,,,,,,,,,,,,,,,,,,
"(1073, 1063, '0')",0,,,,,,,,,,,,,,,,,,,,,
"(1082, 1063, '0')",0,,,,,,,,,,,,,,,,,,,,,
"(1069, 1427, '0')",0,,,,,,,,,,,,,,,,,,,,,
"(1071, 1427, '0')",0,,,,,,,,,,,,,,,,,,,,,
"(1428, 1427, '0')",0,,,,,,,,,,,,,,,,,,,,,
"(1069, 1426, '0')",0,,,,,,,,,,,,,,,,,,,,,
"(1424, 1426, '0')",0,,,,,,,,,,,,,,,,,,,,,
"(1070, 1074, '0')",0,,,,,,,,,,,,,,,,,,,,,
"(1072, 1074, '0')",0,,,,,,,,,,,,,,,,,,,,,
"(1070, 1071, '0')",0,,,,,,,,,,,,,,,,,,,,,
"(1427, 1071, '0')",0,,,,,,,,,,,,,,,,,,,,,
"(1071, 1070, '0')",0,,,,,,,,,,,,,,,,,,,,,
"(1074, 1070, '0')",0,,,,,,,,,,,,,,,,,,,,,
"(1072, 1076, '0')",0,,,,,,,,,,,,,,,,,,,,,
"(1073, 1072, '0')",0,,,,,,,,,,,,,,,,,,,,,
"(1074, 1072, '0')",0,,,,,,,,,,,,,,,,,,,,,
"(1081, 1072, '0')",0,,,,,,,,,,,,,,,,,,,,,
"(1075, 1077, '0')",0,,,,,,,,,,,,,,,,,,,,,
"(1076, 1075, '0')",0,,,,,,,,,,,,,,,,,,,,,
"(1078, 1079, '0')",0,,,,,,,,,,,,,,,,,,,,,
"(1080, 1079, '0')",0,,,,,,,,,,,,,,,,,,,,,
"(780, 1079, '0')",0,,,,,,,,,,,,,,,,,,,,,
"(1079, 1081, '0')",0,,,,,,,,,,,,,,,,,,,,,
"(1079, 1575, '0')",0,,,,,,,,,,,,,,,,,,,,,
"(1080, 1433, '0')",0,,,,,,,,,,,,,,,,,,,,,
"(776, 1433, '0')",0,,,,,,,,,,,,,,,,,,,,,
"(1083, 1078, '0')",0,,,,,,,,,,,,,,,,,,,,,
"(1099, 1078, '0')",0,,,,,,,,,,,,,,,,,,,,,
"(1084, 1086, '0')",0,,,,,,,,,,,,,,,,,,,,,
"(1085, 1086, '0')",0,,,,,,,,,,,,,,,,,,,,,
"(1084, 1097, '0')",0,,,,,,,,,,,,,,,,,,,,,
"(1098, 1097, '0')",0,,,,,,,,,,,,,,,,,,,,,
"(1085, 1114, '0')",0,,,,,,,,,,,,,,,,,,,,,
"(1127, 1114, '0')",0,,,,,,,,,,,,,,,,,,,,,
"(1128, 1114, '0')",0,,,,,,,,,,,,,,,,,,,,,
"(1086, 1085, '0')",0,,,,,,,,,,,,,,,,,,,,,
"(1091, 1085, '0')",0,,,,,,,,,,,,,,,,,,,,,
"(1096, 1098, '0')",0,,,,,,,,,,,,,,,,,,,,,
"(523, 1184, '0')",0,,,,,,,,,,,,,,,,,,,,,
"(1176, 1184, '0')",0,,,,,,,,,,,,,,,,,,,,,
"(1103, 1125, '0')",0,,,,,,,,,,,,,,,,,,,,,
"(1439, 1125, '0')",0,,,,,,,,,,,,,,,,,,,,,
"(1103, 1116, '0')",0,,,,,,,,,,,,,,,,,,,,,
"(1122, 1116, '0')",0,,,,,,,,,,,,,,,,,,,,,
"(1103, 1124, '0')",0,,,,,,,,,,,,,,,,,,,,,
"(1123, 1124, '0')",0,,,,,,,,,,,,,,,,,,,,,
"(1103, 1121, '0')",0,,,,,,,,,,,,,,,,,,,,,
"(1120, 1121, '0')",0,,,,,,,,,,,,,,,,,,,,,
"(1104, 1424, '0')",0,,,,,,,,,,,,,,,,,,,,,
"(726, 1424, '0')",0,,,,,,,,,,,,,,,,,,,,,
"(1426, 1424, '0')",0,,,,,,,,,,,,,,,,,,,,,
"(1106, 1438, '0')",0,,,,,,,,,,,,,,,,,,,,,
"(1437, 1438, '0')",0,,,,,,,,,,,,,,,,,,,,,
"(1109, 1479, '0')",0,,,,,,,,,,,,,,,,,,,,,
"(1478, 1479, '0')",0,,,,,,,,,,,,,,,,,,,,,
"(1145, 1479, '0')",0,,,,,,,,,,,,,,,,,,,,,
"(1109, 1137, '0')",0,,,,,,,,,,,,,,,,,,,,,
"(1136, 1137, '0')",0,,,,,,,,,,,,,,,,,,,,,
"(1110, 1112, '0')",0,,,,,,,,,,,,,,,,,,,,,
"(1110, 1483, '0')",0,,,,,,,,,,,,,,,,,,,,,
"(1111, 1483, '0')",0,,,,,,,,,,,,,,,,,,,,,
"(1111, 1132, '0')",0,,,,,,,,,,,,,,,,,,,,,
"(530, 1132, '0')",0,,,,,,,,,,,,,,,,,,,,,
"(1111, 1478, '0')",0,,,,,,,,,,,,,,,,,,,,,
"(1479, 1478, '0')",0,,,,,,,,,,,,,,,,,,,,,
"(1112, 1113, '0')",0,,,,,,,,,,,,,,,,,,,,,
"(1126, 1113, '0')",0,,,,,,,,,,,,,,,,,,,,,
"(1127, 1113, '0')",0,,,,,,,,,,,,,,,,,,,,,
"(1113, 1127, '0')",0,,,,,,,,,,,,,,,,,,,,,
"(1114, 1127, '0')",0,,,,,,,,,,,,,,,,,,,,,
"(1113, 1126, '0')",0,,,,,,,,,,,,,,,,,,,,,
"(1117, 1126, '0')",0,,,,,,,,,,,,,,,,,,,,,
"(1114, 1128, '0')",0,,,,,,,,,,,,,,,,,,,,,
"(1129, 1128, '0')",0,,,,,,,,,,,,,,,,,,,,,
"(1114, 1111, '0')",0,,,,,,,,,,,,,,,,,,,,,
"(1132, 1111, '0')",0,,,,,,,,,,,,,,,,,,,,,
"(1483, 1111, '0')",0,,,,,,,,,,,,,,,,,,,,,
"(525, 1129, '0')",0,,,,,,,,,,,,,,,,,,,,,
"(1128, 1129, '0')",0,,,,,,,,,,,,,,,,,,,,,
"(1116, 1122, '0')",0,,,,,,,,,,,,,,,,,,,,,
"(1453, 1122, '0')",0,,,,,,,,,,,,,,,,,,,,,
"(1116, 1103, '0')",0,,,,,,,,,,,,,,,,,,,,,
"(1121, 1103, '0')",0,,,,,,,,,,,,,,,,,,,,,
"(1124, 1103, '0')",0,,,,,,,,,,,,,,,,,,,,,
"(1125, 1103, '0')",0,,,,,,,,,,,,,,,,,,,,,
"(1117, 1454, '0')",0,,,,,,,,,,,,,,,,,,,,,
"(1452, 1454, '0')",0,,,,,,,,,,,,,,,,,,,,,
"(526, 1185, '0')",0,,,,,,,,,,,,,,,,,,,,,
"(1178, 1185, '0')",0,,,,,,,,,,,,,,,,,,,,,
"(1121, 1120, '0')",0,,,,,,,,,,,,,,,,,,,,,
"(1460, 1120, '0')",0,,,,,,,,,,,,,,,,,,,,,
"(1122, 1453, '0')",0,,,,,,,,,,,,,,,,,,,,,
"(1455, 1453, '0')",0,,,,,,,,,,,,,,,,,,,,,
"(1123, 1149, '0')",0,,,,,,,,,,,,,,,,,,,,,
"(1171, 1149, '0')",0,,,,,,,,,,,,,,,,,,,,,
"(1125, 1439, '0')",0,,,,,,,,,,,,,,,,,,,,,
"(1436, 1439, '0')",0,,,,,,,,,,,,,,,,,,,,,
"(1126, 1117, '0')",0,,,,,,,,,,,,,,,,,,,,,
"(1454, 1117, '0')",0,,,,,,,,,,,,,,,,,,,,,
"(1129, 1580, '0')",0,,,,,,,,,,,,,,,,,,,,,
"(1132, 1586, '0')",0,,,,,,,,,,,,,,,,,,,,,
"(1133, 1110, '0')",0,,,,,,,,,,,,,,,,,,,,,
"(1479, 1110, '0')",0,,,,,,,,,,,,,,,,,,,,,
"(1483, 1110, '0')",0,,,,,,,,,,,,,,,,,,,,,
"(1134, 1136, '0')",0,,,,,,,,,,,,,,,,,,,,,
"(1137, 1136, '0')",0,,,,,,,,,,,,,,,,,,,,,
"(1134, 1469, '0')",0,,,,,,,,,,,,,,,,,,,,,
"(1465, 1469, '0')",0,,,,,,,,,,,,,,,,,,,,,
"(1136, 1134, '0')",0,,,,,,,,,,,,,,,,,,,,,
"(1469, 1134, '0')",0,,,,,,,,,,,,,,,,,,,,,
"(1138, 409, '0')",0,,,,,,,,,,,,,,,,,,,,,
"(1139, 409, '0')",0,,,,,,,,,,,,,,,,,,,,,
"(1148, 409, '0')",0,,,,,,,,,,,,,,,,,,,,,
"(1139, 1140, '0')",0,,,,,,,,,,,,,,,,,,,,,
"(1141, 1140, '0')",0,,,,,,,,,,,,,,,,,,,,,
"(1140, 1141, '0')",0,,,,,,,,,,,,,,,,,,,,,
"(533, 1141, '0')",0,,,,,,,,,,,,,,,,,,,,,
"(1141, 1594, '0')",0,,,,,,,,,,,,,,,,,,,,,
"(1143, 1147, '0')",0,,,,,,,,,,,,,,,,,,,,,
"(1147, 535, '0')",0,,,,,,,,,,,,,,,,,,,,,
"(1149, 1171, '0')",0,,,,,,,,,,,,,,,,,,,,,
"(1170, 1171, '0')",0,,,,,,,,,,,,,,,,,,,,,
"(1150, 1467, '0')",0,,,,,,,,,,,,,,,,,,,,,
"(1468, 1467, '0')",0,,,,,,,,,,,,,,,,,,,,,
"(1150, 1156, '0')",0,,,,,,,,,,,,,,,,,,,,,
"(1157, 1156, '0')",0,,,,,,,,,,,,,,,,,,,,,
"(1150, 1609, '0')",0,,,,,,,,,,,,,,,,,,,,,
"(1151, 422, '0')",0,,,,,,,,,,,,,,,,,,,,,
"(1153, 422, '0')",0,,,,,,,,,,,,,,,,,,,,,
"(1154, 422, '0')",0,,,,,,,,,,,,,,,,,,,,,
"(1157, 422, '0')",0,,,,,,,,,,,,,,,,,,,,,
"(1151, 1597, '0')",0,,,,,,,,,,,,,,,,,,,,,
"(1152, 1170, '0')",0,,,,,,,,,,,,,,,,,,,,,
"(1171, 1170, '0')",0,,,,,,,,,,,,,,,,,,,,,
"(1174, 1170, '0')",0,,,,,,,,,,,,,,,,,,,,,
"(1175, 1170, '0')",0,,,,,,,,,,,,,,,,,,,,,
"(1154, 1152, '0')",0,,,,,,,,,,,,,,,,,,,,,
"(1170, 1152, '0')",0,,,,,,,,,,,,,,,,,,,,,
"(1156, 1150, '0')",0,,,,,,,,,,,,,,,,,,,,,
"(1467, 1150, '0')",0,,,,,,,,,,,,,,,,,,,,,
"(1092, 1150, '0')",0,,,,,,,,,,,,,,,,,,,,,
"(1159, 1598, '0')",0,,,,,,,,,,,,,,,,,,,,,
"(1160, 1168, '0')",0,,,,,,,,,,,,,,,,,,,,,
"(1167, 1168, '0')",0,,,,,,,,,,,,,,,,,,,,,
"(1160, 427, '0')",0,,,,,,,,,,,,,,,,,,,,,
"(1160, 1166, '0')",0,,,,,,,,,,,,,,,,,,,,,
"(1165, 1166, '0')",0,,,,,,,,,,,,,,,,,,,,,
"(1160, 1164, '0')",0,,,,,,,,,,,,,,,,,,,,,
"(1163, 1164, '0')",0,,,,,,,,,,,,,,,,,,,,,
"(538, 1165, '0')",0,,,,,,,,,,,,,,,,,,,,,
"(1166, 1165, '0')",0,,,,,,,,,,,,,,,,,,,,,
"(1162, 1179, '0')",0,,,,,,,,,,,,,,,,,,,,,
"(1178, 1179, '0')",0,,,,,,,,,,,,,,,,,,,,,
"(1180, 1179, '0')",0,,,,,,,,,,,,,,,,,,,,,
"(1182, 1179, '0')",0,,,,,,,,,,,,,,,,,,,,,
"(1162, 1188, '0')",0,,,,,,,,,,,,,,,,,,,,,
"(1189, 1188, '0')",0,,,,,,,,,,,,,,,,,,,,,
"(1163, 1599, '0')",0,,,,,,,,,,,,,,,,,,,,,
"(1165, 1600, '0')",0,,,,,,,,,,,,,,,,,,,,,
"(1167, 1189, '0')",0,,,,,,,,,,,,,,,,,,,,,
"(1188, 1189, '0')",0,,,,,,,,,,,,,,,,,,,,,
"(1190, 1189, '0')",0,,,,,,,,,,,,,,,,,,,,,
"(1191, 1189, '0')",0,,,,,,,,,,,,,,,,,,,,,
"(1168, 1167, '0')",0,,,,,,,,,,,,,,,,,,,,,
"(1189, 1167, '0')",0,,,,,,,,,,,,,,,,,,,,,
"(1169, 407, '0')",0,,,,,,,,,,,,,,,,,,,,,
"(1170, 1175, '0')",0,,,,,,,,,,,,,,,,,,,,,
"(540, 1175, '0')",0,,,,,,,,,,,,,,,,,,,,,
"(1170, 1174, '0')",0,,,,,,,,,,,,,,,,,,,,,
"(541, 1174, '0')",0,,,,,,,,,,,,,,,,,,,,,
"(1174, 1593, '0')",0,,,,,,,,,,,,,,,,,,,,,
"(1175, 1592, '0')",0,,,,,,,,,,,,,,,,,,,,,
"(1177, 1421, '0')",0,,,,,,,,,,,,,,,,,,,,,
"(1177, 1183, '0')",0,,,,,,,,,,,,,,,,,,,,,
"(1181, 1183, '0')",0,,,,,,,,,,,,,,,,,,,,,
"(1177, 1176, '0')",0,,,,,,,,,,,,,,,,,,,,,
"(1184, 1176, '0')",0,,,,,,,,,,,,,,,,,,,,,
"(1179, 1182, '0')",0,,,,,,,,,,,,,,,,,,,,,
"(1448, 1182, '0')",0,,,,,,,,,,,,,,,,,,,,,
"(1179, 1180, '0')",0,,,,,,,,,,,,,,,,,,,,,
"(1461, 1180, '0')",0,,,,,,,,,,,,,,,,,,,,,
"(1179, 1162, '0')",0,,,,,,,,,,,,,,,,,,,,,
"(1188, 1162, '0')",0,,,,,,,,,,,,,,,,,,,,,
"(1179, 1178, '0')",0,,,,,,,,,,,,,,,,,,,,,
"(1185, 1178, '0')",0,,,,,,,,,,,,,,,,,,,,,
"(1181, 1447, '0')",0,,,,,,,,,,,,,,,,,,,,,
"(1449, 1447, '0')",0,,,,,,,,,,,,,,,,,,,,,
"(1182, 1448, '0')",0,,,,,,,,,,,,,,,,,,,,,
"(1446, 1448, '0')",0,,,,,,,,,,,,,,,,,,,,,
"(1183, 1181, '0')",0,,,,,,,,,,,,,,,,,,,,,
"(1447, 1181, '0')",0,,,,,,,,,,,,,,,,,,,,,
"(1184, 1573, '0')",0,,,,,,,,,,,,,,,,,,,,,
"(1185, 1585, '0')",0,,,,,,,,,,,,,,,,,,,,,
"(543, 1190, '0')",0,,,,,,,,,,,,,,,,,,,,,
"(1189, 1190, '0')",0,,,,,,,,,,,,,,,,,,,,,
"(544, 1191, '0')",0,,,,,,,,,,,,,,,,,,,,,
"(1189, 1191, '0')",0,,,,,,,,,,,,,,,,,,,,,
"(1190, 1590, '0')",0,,,,,,,,,,,,,,,,,,,,,
"(1191, 1591, '0')",0,,,,,,,,,,,,,,,,,,,,,
"(1192, 362, '0')",0,,,,,,,,,,,,,,,,,,,,,
"(1192, 1603, '0')",0,,,,,,,,,,,,,,,,,,,,,
"(1193, 702, '0')",0,,,,,,,,,,,,,,,,,,,,,
"(1196, 1222, '0')",0,,,,,,,,,,,,,,,,,,,,,
"(1221, 1222, '0')",0,,,,,,,,,,,,,,,,,,,,,
"(1196, 769, '0')",0,,,,,,,,,,,,,,,,,,,,,
"(1211, 769, '0')",0,,,,,,,,,,,,,,,,,,,,,
"(1221, 769, '0')",0,,,,,,,,,,,,,,,,,,,,,
"(549, 1201, '0')",0,,,,,,,,,,,,,,,,,,,,,
"(1200, 1201, '0')",0,,,,,,,,,,,,,,,,,,,,,
"(1200, 794, '0')",0,,,,,,,,,,,,,,,,,,,,,
"(1201, 1347, '0')",0,,,,,,,,,,,,,,,,,,,,,
"(1202, 1207, '0')",0,,,,,,,,,,,,,,,,,,,,,
"(550, 1207, '0')",0,,,,,,,,,,,,,,,,,,,,,
"(1202, 804, '0')",0,,,,,,,,,,,,,,,,,,,,,
"(1203, 1204, '0')",0,,,,,,,,,,,,,,,,,,,,,
"(1203, 1209, '0')",0,,,,,,,,,,,,,,,,,,,,,
"(552, 1209, '0')",0,,,,,,,,,,,,,,,,,,,,,
"(1204, 803, '0')",0,,,,,,,,,,,,,,,,,,,,,
"(1205, 1210, '0')",0,,,,,,,,,,,,,,,,,,,,,
"(1207, 1376, '0')",0,,,,,,,,,,,,,,,,,,,,,
"(1209, 1383, '0')",0,,,,,,,,,,,,,,,,,,,,,
"(1211, 1213, '0')",0,,,,,,,,,,,,,,,,,,,,,
"(553, 1213, '0')",0,,,,,,,,,,,,,,,,,,,,,
"(1213, 1321, '0')",0,,,,,,,,,,,,,,,,,,,,,
"(1214, 1215, '0')",0,,,,,,,,,,,,,,,,,,,,,
"(1216, 1215, '0')",0,,,,,,,,,,,,,,,,,,,,,
"(1215, 569, '0')",0,,,,,,,,,,,,,,,,,,,,,
"(1222, 568, '0')",0,,,,,,,,,,,,,,,,,,,,,
"(1224, 1226, '0')",0,,,,,,,,,,,,,,,,,,,,,
"(562, 1226, '0')",0,,,,,,,,,,,,,,,,,,,,,
"(1226, 1331, '0')",0,,,,,,,,,,,,,,,,,,,,,
"(1228, 1229, '0')",0,,,,,,,,,,,,,,,,,,,,,
"(1233, 1229, '0')",0,,,,,,,,,,,,,,,,,,,,,
"(1229, 809, '0')",0,,,,,,,,,,,,,,,,,,,,,
"(1231, 1235, '0')",0,,,,,,,,,,,,,,,,,,,,,
"(1235, 1236, '0')",0,,,,,,,,,,,,,,,,,,,,,
"(1238, 1236, '0')",0,,,,,,,,,,,,,,,,,,,,,
"(1235, 1237, '0')",0,,,,,,,,,,,,,,,,,,,,,
"(1238, 1237, '0')",0,,,,,,,,,,,,,,,,,,,,,
"(1236, 810, '0')",0,,,,,,,,,,,,,,,,,,,,,
"(1241, 1400, '0')",0,,,,,,,,,,,,,,,,,,,,,
"(1247, 829, '0')",0,,,,,,,,,,,,,,,,,,,,,
"(1248, 856, '0')",0,,,,,,,,,,,,,,,,,,,,,
"(1248, 1485, '0')",0,,,,,,,,,,,,,,,,,,,,,
"(1250, 857, '0')",0,,,,,,,,,,,,,,,,,,,,,
"(1250, 1491, '0')",0,,,,,,,,,,,,,,,,,,,,,
"(1260, 1487, '0')",0,,,,,,,,,,,,,,,,,,,,,
"(1260, 811, '0')",0,,,,,,,,,,,,,,,,,,,,,
"(1252, 830, '0')",0,,,,,,,,,,,,,,,,,,,,,
"(1259, 1255, '0')",0,,,,,,,,,,,,,,,,,,,,,
"(1287, 1505, '0')",0,,,,,,,,,,,,,,,,,,,,,
"(1287, 878, '0')",0,,,,,,,,,,,,,,,,,,,,,
"(1261, 1263, '0')",0,,,,,,,,,,,,,,,,,,,,,
"(1265, 1263, '0')",0,,,,,,,,,,,,,,,,,,,,,
"(575, 1263, '0')",0,,,,,,,,,,,,,,,,,,,,,
"(1261, 1260, '0')",0,,,,,,,,,,,,,,,,,,,,,
"(1265, 1260, '0')",0,,,,,,,,,,,,,,,,,,,,,
"(574, 1260, '0')",0,,,,,,,,,,,,,,,,,,,,,
"(1293, 1510, '0')",0,,,,,,,,,,,,,,,,,,,,,
"(1293, 1296, '0')",0,,,,,,,,,,,,,,,,,,,,,
"(610, 1296, '0')",0,,,,,,,,,,,,,,,,,,,,,
"(1293, 873, '0')",0,,,,,,,,,,,,,,,,,,,,,
"(1293, 1291, '0')",0,,,,,,,,,,,,,,,,,,,,,
"(1263, 812, '0')",0,,,,,,,,,,,,,,,,,,,,,
"(1263, 1486, '0')",0,,,,,,,,,,,,,,,,,,,,,
"(1304, 1514, '0')",0,,,,,,,,,,,,,,,,,,,,,
"(1264, 1265, '0')",0,,,,,,,,,,,,,,,,,,,,,
"(1324, 1520, '0')",0,,,,,,,,,,,,,,,,,,,,,
"(1324, 1314, '0')",0,,,,,,,,,,,,,,,,,,,,,
"(1310, 1314, '0')",0,,,,,,,,,,,,,,,,,,,,,
"(1315, 1314, '0')",0,,,,,,,,,,,,,,,,,,,,,
"(622, 1314, '0')",0,,,,,,,,,,,,,,,,,,,,,
"(1267, 868, '0')",0,,,,,,,,,,,,,,,,,,,,,
"(1267, 1500, '0')",0,,,,,,,,,,,,,,,,,,,,,
"(1268, 1271, '0')",0,,,,,,,,,,,,,,,,,,,,,
"(1269, 1271, '0')",0,,,,,,,,,,,,,,,,,,,,,
"(1274, 1271, '0')",0,,,,,,,,,,,,,,,,,,,,,
"(576, 1271, '0')",0,,,,,,,,,,,,,,,,,,,,,
"(1270, 865, '0')",0,,,,,,,,,,,,,,,,,,,,,
"(1271, 1274, '0')",0,,,,,,,,,,,,,,,,,,,,,
"(578, 1274, '0')",0,,,,,,,,,,,,,,,,,,,,,
"(1271, 849, '0')",0,,,,,,,,,,,,,,,,,,,,,
"(1271, 1270, '0')",0,,,,,,,,,,,,,,,,,,,,,
"(1271, 1499, '0')",0,,,,,,,,,,,,,,,,,,,,,
"(1274, 1498, '0')",0,,,,,,,,,,,,,,,,,,,,,
"(1275, 1269, '0')",0,,,,,,,,,,,,,,,,,,,,,
"(1276, 1267, '0')",0,,,,,,,,,,,,,,,,,,,,,
"(582, 1267, '0')",0,,,,,,,,,,,,,,,,,,,,,
"(1276, 1496, '0')",0,,,,,,,,,,,,,,,,,,,,,
"(1390, 1543, '0')",0,,,,,,,,,,,,,,,,,,,,,
"(1390, 1387, '0')",0,,,,,,,,,,,,,,,,,,,,,
"(650, 1387, '0')",0,,,,,,,,,,,,,,,,,,,,,
"(1391, 1387, '0')",0,,,,,,,,,,,,,,,,,,,,,
"(1279, 870, '0')",0,,,,,,,,,,,,,,,,,,,,,
"(1286, 1287, '0')",0,,,,,,,,,,,,,,,,,,,,,
"(1288, 1287, '0')",0,,,,,,,,,,,,,,,,,,,,,
"(607, 1287, '0')",0,,,,,,,,,,,,,,,,,,,,,
"(1286, 879, '0')",0,,,,,,,,,,,,,,,,,,,,,
"(1286, 1506, '0')",0,,,,,,,,,,,,,,,,,,,,,
"(1291, 891, '0')",0,,,,,,,,,,,,,,,,,,,,,
"(1424, 1570, '0')",0,,,,,,,,,,,,,,,,,,,,,
"(1625, 1577, '0')",0,,,,,,,,,,,,,,,,,,,,,
"(1452, 1581, '0')",0,,,,,,,,,,,,,,,,,,,,,
"(1452, 1455, '0')",0,,,,,,,,,,,,,,,,,,,,,
"(1453, 1455, '0')",0,,,,,,,,,,,,,,,,,,,,,
"(927, 1455, '0')",0,,,,,,,,,,,,,,,,,,,,,
"(1296, 1509, '0')",0,,,,,,,,,,,,,,,,,,,,,
"(1297, 1292, '0')",0,,,,,,,,,,,,,,,,,,,,,
"(1299, 884, '0')",0,,,,,,,,,,,,,,,,,,,,,
"(1299, 1511, '0')",0,,,,,,,,,,,,,,,,,,,,,
"(1303, 34, '0')",0,,,,,,,,,,,,,,,,,,,,,
"(1305, 34, '0')",0,,,,,,,,,,,,,,,,,,,,,
"(1620, 34, '0')",0,,,,,,,,,,,,,,,,,,,,,
"(614, 34, '0')",0,,,,,,,,,,,,,,,,,,,,,
"(1303, 534, '0')",0,,,,,,,,,,,,,,,,,,,,,
"(1305, 1304, '0')",0,,,,,,,,,,,,,,,,,,,,,
"(613, 1304, '0')",0,,,,,,,,,,,,,,,,,,,,,
"(1306, 1516, '0')",0,,,,,,,,,,,,,,,,,,,,,
"(1308, 1517, '0')",0,,,,,,,,,,,,,,,,,,,,,
"(1312, 1622, '0')",0,,,,,,,,,,,,,,,,,,,,,
"(1313, 1328, '0')",0,,,,,,,,,,,,,,,,,,,,,
"(1313, 899, '0')",0,,,,,,,,,,,,,,,,,,,,,
"(1480, 1612, '0')",0,,,,,,,,,,,,,,,,,,,,,
"(1480, 1148, '0')",0,,,,,,,,,,,,,,,,,,,,,
"(1314, 1312, '0')",0,,,,,,,,,,,,,,,,,,,,,
"(1314, 1324, '0')",0,,,,,,,,,,,,,,,,,,,,,
"(619, 1324, '0')",0,,,,,,,,,,,,,,,,,,,,,
"(1314, 1316, '0')",0,,,,,,,,,,,,,,,,,,,,,
"(1314, 1519, '0')",0,,,,,,,,,,,,,,,,,,,,,
"(1316, 1320, '0')",0,,,,,,,,,,,,,,,,,,,,,
"(1326, 1320, '0')",0,,,,,,,,,,,,,,,,,,,,,
"(1316, 1319, '0')",0,,,,,,,,,,,,,,,,,,,,,
"(1326, 1319, '0')",0,,,,,,,,,,,,,,,,,,,,,
"(1319, 1310, '0')",0,,,,,,,,,,,,,,,,,,,,,
"(1320, 898, '0')",0,,,,,,,,,,,,,,,,,,,,,
"(1327, 1313, '0')",0,,,,,,,,,,,,,,,,,,,,,
"(1622, 1313, '0')",0,,,,,,,,,,,,,,,,,,,,,
"(1328, 1315, '0')",0,,,,,,,,,,,,,,,,,,,,,
"(1332, 1340, '0')",0,,,,,,,,,,,,,,,,,,,,,
"(1333, 1340, '0')",0,,,,,,,,,,,,,,,,,,,,,
"(1332, 1341, '0')",0,,,,,,,,,,,,,,,,,,,,,
"(1333, 1341, '0')",0,,,,,,,,,,,,,,,,,,,,,
"(1343, 1341, '0')",0,,,,,,,,,,,,,,,,,,,,,
"(1335, 1342, '0')",0,,,,,,,,,,,,,,,,,,,,,
"(1336, 1342, '0')",0,,,,,,,,,,,,,,,,,,,,,
"(1340, 1345, '0')",0,,,,,,,,,,,,,,,,,,,,,
"(1341, 1343, '0')",0,,,,,,,,,,,,,,,,,,,,,
"(1341, 1336, '0')",0,,,,,,,,,,,,,,,,,,,,,
"(1342, 900, '0')",0,,,,,,,,,,,,,,,,,,,,,
"(1342, 1332, '0')",0,,,,,,,,,,,,,,,,,,,,,
"(1345, 1339, '0')",0,,,,,,,,,,,,,,,,,,,,,
"(1350, 896, '0')",0,,,,,,,,,,,,,,,,,,,,,
"(1354, 909, '0')",0,,,,,,,,,,,,,,,,,,,,,
"(1356, 906, '0')",0,,,,,,,,,,,,,,,,,,,,,
"(1357, 907, '0')",0,,,,,,,,,,,,,,,,,,,,,
"(1358, 908, '0')",0,,,,,,,,,,,,,,,,,,,,,
"(1360, 1530, '0')",0,,,,,,,,,,,,,,,,,,,,,
"(628, 1360, '0')",0,,,,,,,,,,,,,,,,,,,,,
"(1363, 1360, '0')",0,,,,,,,,,,,,,,,,,,,,,
"(1364, 1360, '0')",0,,,,,,,,,,,,,,,,,,,,,
"(630, 1374, '0')",0,,,,,,,,,,,,,,,,,,,,,
"(1371, 1374, '0')",0,,,,,,,,,,,,,,,,,,,,,
"(642, 1373, '0')",0,,,,,,,,,,,,,,,,,,,,,
"(1371, 1373, '0')",0,,,,,,,,,,,,,,,,,,,,,
"(1368, 1371, '0')",0,,,,,,,,,,,,,,,,,,,,,
"(1373, 1371, '0')",0,,,,,,,,,,,,,,,,,,,,,
"(1374, 1371, '0')",0,,,,,,,,,,,,,,,,,,,,,
"(1377, 1371, '0')",0,,,,,,,,,,,,,,,,,,,,,
"(1368, 939, '0')",0,,,,,,,,,,,,,,,,,,,,,
"(1369, 1372, '0')",0,,,,,,,,,,,,,,,,,,,,,
"(1377, 1372, '0')",0,,,,,,,,,,,,,,,,,,,,,
"(1370, 1369, '0')",0,,,,,,,,,,,,,,,,,,,,,
"(1372, 1369, '0')",0,,,,,,,,,,,,,,,,,,,,,
"(1370, 940, '0')",0,,,,,,,,,,,,,,,,,,,,,
"(1371, 1377, '0')",0,,,,,,,,,,,,,,,,,,,,,
"(1372, 1377, '0')",0,,,,,,,,,,,,,,,,,,,,,
"(1373, 1536, '0')",0,,,,,,,,,,,,,,,,,,,,,
"(1374, 1535, '0')",0,,,,,,,,,,,,,,,,,,,,,
"(1378, 1539, '0')",0,,,,,,,,,,,,,,,,,,,,,
"(1387, 1390, '0')",0,,,,,,,,,,,,,,,,,,,,,
"(1389, 1390, '0')",0,,,,,,,,,,,,,,,,,,,,,
"(651, 1390, '0')",0,,,,,,,,,,,,,,,,,,,,,
"(1387, 1542, '0')",0,,,,,,,,,,,,,,,,,,,,,
"(1389, 961, '0')",0,,,,,,,,,,,,,,,,,,,,,
"(1391, 671, '0')",0,,,,,,,,,,,,,,,,,,,,,
"(1397, 988, '0')",0,,,,,,,,,,,,,,,,,,,,,
"(1398, 987, '0')",0,,,,,,,,,,,,,,,,,,,,,
"(1406, 1408, '0')",0,,,,,,,,,,,,,,,,,,,,,
"(1407, 1408, '0')",0,,,,,,,,,,,,,,,,,,,,,
"(1406, 1013, '0')",0,,,,,,,,,,,,,,,,,,,,,
"(1407, 1012, '0')",0,,,,,,,,,,,,,,,,,,,,,
"(1410, 1414, '0')",0,,,,,,,,,,,,,,,,,,,,,
"(1412, 1414, '0')",0,,,,,,,,,,,,,,,,,,,,,
"(660, 1414, '0')",0,,,,,,,,,,,,,,,,,,,,,
"(1410, 1557, '0')",0,,,,,,,,,,,,,,,,,,,,,
"(659, 1410, '0')",0,,,,,,,,,,,,,,,,,,,,,
"(1413, 1410, '0')",0,,,,,,,,,,,,,,,,,,,,,
"(1414, 1410, '0')",0,,,,,,,,,,,,,,,,,,,,,
"(1412, 79, '0')",0,,,,,,,,,,,,,,,,,,,,,
"(1413, 1028, '0')",0,,,,,,,,,,,,,,,,,,,,,
"(1414, 1556, '0')",0,,,,,,,,,,,,,,,,,,,,,
"(1426, 1069, '0')",0,,,,,,,,,,,,,,,,,,,,,
"(1427, 1069, '0')",0,,,,,,,,,,,,,,,,,,,,,
"(1427, 1428, '0')",0,,,,,,,,,,,,,,,,,,,,,
"(727, 1428, '0')",0,,,,,,,,,,,,,,,,,,,,,
"(1428, 1569, '0')",0,,,,,,,,,,,,,,,,,,,,,
"(1433, 1574, '0')",0,,,,,,,,,,,,,,,,,,,,,
"(1436, 1437, '0')",0,,,,,,,,,,,,,,,,,,,,,
"(1438, 1437, '0')",0,,,,,,,,,,,,,,,,,,,,,
"(1436, 1624, '0')",0,,,,,,,,,,,,,,,,,,,,,
"(781, 1624, '0')",0,,,,,,,,,,,,,,,,,,,,,
"(1436, 1625, '0')",0,,,,,,,,,,,,,,,,,,,,,
"(922, 1625, '0')",0,,,,,,,,,,,,,,,,,,,,,
"(1440, 1443, '0')",0,,,,,,,,,,,,,,,,,,,,,
"(1442, 1443, '0')",0,,,,,,,,,,,,,,,,,,,,,
"(1446, 1449, '0')",0,,,,,,,,,,,,,,,,,,,,,
"(1447, 1449, '0')",0,,,,,,,,,,,,,,,,,,,,,
"(923, 1449, '0')",0,,,,,,,,,,,,,,,,,,,,,
"(1446, 1578, '0')",0,,,,,,,,,,,,,,,,,,,,,
"(1448, 1446, '0')",0,,,,,,,,,,,,,,,,,,,,,
"(1449, 1446, '0')",0,,,,,,,,,,,,,,,,,,,,,
"(925, 1446, '0')",0,,,,,,,,,,,,,,,,,,,,,
"(1449, 1579, '0')",0,,,,,,,,,,,,,,,,,,,,,
"(1454, 1452, '0')",0,,,,,,,,,,,,,,,,,,,,,
"(1455, 1452, '0')",0,,,,,,,,,,,,,,,,,,,,,
"(948, 1452, '0')",0,,,,,,,,,,,,,,,,,,,,,
"(1455, 1582, '0')",0,,,,,,,,,,,,,,,,,,,,,
"(1466, 1468, '0')",0,,,,,,,,,,,,,,,,,,,,,
"(1467, 1468, '0')",0,,,,,,,,,,,,,,,,,,,,,
"(1478, 1480, '0')",0,,,,,,,,,,,,,,,,,,,,,
"(1100, 1480, '0')",0,,,,,,,,,,,,,,,,,,,,,
"(1479, 1613, '0')",0,,,,,,,,,,,,,,,,,,,,,
"(1195, 1616, '0')",0,,,,,,,,,,,,,,,,,,,,,
"(1616, 604, '0')",0,,,,,,,,,,,,,,,,,,,,,
"(1619, 631, '0')",0,,,,,,,,,,,,,,,,,,,,,
"(1623, 1605, '0')",0,,,,,,,,,,,,,,,,,,,,,
