attr,theta,width_confint,width_CI,t-test,pvalue,time,method,rep,objective,nrmse,theta_true,bias,fn,fp,f_type
tt,-1.006,"[-1.584, -0.427]",0.578,-2.901,0.005,10.116,ngd,1,308721207.596,0.180,-1.000,-0.006,0,0,fn
c,-5.844,"[-9.175, -2.514]",3.331,-2.927,0.005,10.116,ngd,1,308721207.596,0.180,-6.000,0.156,0,0,fn
s,-4.102,"[-6.476, -1.728]",2.374,-2.882,0.005,10.116,ngd,1,308721207.596,0.180,-3.000,-1.102,0,0,fn
k0,-0.529,"[-1.424, 0.366]",0.895,-0.986,0.328,10.116,ngd,1,308721207.596,0.180,0.000,-0.529,0,0,fp
k1,0.503,"[-0.276, 1.282]",0.779,1.077,0.285,10.116,ngd,1,308721207.596,0.180,0.000,0.503,0,0,fp
k2,0.609,"[-0.049, 1.268]",0.658,1.543,0.128,10.116,ngd,1,308721207.596,0.180,0.000,0.609,0,0,fp
k3,-0.428,"[-1.296, 0.44]",0.868,-0.822,0.414,10.116,ngd,1,308721207.596,0.180,0.000,-0.428,0,0,fp
k4,0.330,"[-0.515, 1.175]",0.845,0.652,0.517,10.116,ngd,1,308721207.596,0.180,0.000,0.330,0,0,fp
k5,0.936,"[-0.206, 2.078]",1.142,1.367,0.176,10.116,ngd,1,308721207.596,0.180,0.000,0.936,0,0,fp
vot,0.172,,,,,10.116,ngd,1,308721207.596,0.180,0.167,0.005,0,0,fn
tt,-1.718,"[-3.516, 0.081]",1.799,-1.593,0.116,10.541,lm,1,1745621630.266,0.428,-1.000,-0.718,1,0,fn
c,-4.929,"[-10.161, 0.303]",5.232,-1.571,0.121,10.541,lm,1,1745621630.266,0.428,-6.000,1.071,1,0,fn
s,-3.957,"[-8.153, 0.239]",4.196,-1.573,0.120,10.541,lm,1,1745621630.266,0.428,-3.000,-0.957,1,0,fn
k0,0.247,"[-1.057, 1.552]",1.305,0.316,0.753,10.541,lm,1,1745621630.266,0.428,0.000,0.247,0,0,fp
k1,1.548,"[-0.722, 3.818]",2.270,1.137,0.260,10.541,lm,1,1745621630.266,0.428,0.000,1.548,0,0,fp
k2,1.788,"[-0.229, 3.804]",2.017,1.479,0.144,10.541,lm,1,1745621630.266,0.428,0.000,1.788,0,0,fp
k3,0.101,"[-1.507, 1.708]",1.607,0.105,0.917,10.541,lm,1,1745621630.266,0.428,0.000,0.101,0,0,fp
k4,1.220,"[-0.738, 3.178]",1.958,1.039,0.302,10.541,lm,1,1745621630.266,0.428,0.000,1.220,0,0,fp
k5,1.622,"[-0.38, 3.624]",2.002,1.351,0.181,10.541,lm,1,1745621630.266,0.428,0.000,1.622,0,0,fp
vot,0.348,,,,,10.541,lm,1,1745621630.266,0.428,0.167,0.182,0,0,fn
tt,-1.180,"[-1.575, -0.785]",0.395,-4.980,0.000,20.471,ngd+lm,1,131199783.257,0.117,-1.000,-0.180,0,0,fn
c,-7.517,"[-9.984, -5.05]",2.467,-5.083,0.000,20.471,ngd+lm,1,131199783.257,0.117,-6.000,-1.517,0,0,fn
s,-3.652,"[-4.966, -2.339]",1.314,-4.638,0.000,20.471,ngd+lm,1,131199783.257,0.117,-3.000,-0.652,0,0,fn
k0,0.179,"[-0.462, 0.821]",0.641,0.467,0.642,20.471,ngd+lm,1,131199783.257,0.117,0.000,0.179,0,0,fp
k1,-0.624,"[-1.185, -0.062]",0.562,-1.851,0.069,20.471,ngd+lm,1,131199783.257,0.117,0.000,-0.624,0,1,fp
k2,0.206,"[-0.419, 0.831]",0.625,0.549,0.585,20.471,ngd+lm,1,131199783.257,0.117,0.000,0.206,0,0,fp
k3,-0.316,"[-1.107, 0.474]",0.790,-0.667,0.507,20.471,ngd+lm,1,131199783.257,0.117,0.000,-0.316,0,0,fp
k4,0.134,"[-0.859, 1.128]",0.994,0.226,0.822,20.471,ngd+lm,1,131199783.257,0.117,0.000,0.134,0,0,fp
k5,-0.623,"[-1.29, 0.045]",0.667,-1.556,0.124,20.471,ngd+lm,1,131199783.257,0.117,0.000,-0.623,0,0,fp
vot,0.157,,,,,20.471,ngd+lm,1,131199783.257,0.117,0.167,-0.010,0,0,fn
tt,-1.513,"[-2.254, -0.772]",0.741,-3.406,0.001,10.108,ngd,2,355064465.691,0.187,-1.000,-0.513,0,0,fn
c,-7.067,"[-10.608, -3.526]",3.541,-3.329,0.001,10.108,ngd,2,355064465.691,0.187,-6.000,-1.067,0,0,fn
s,-3.485,"[-5.496, -1.475]",2.011,-2.891,0.005,10.108,ngd,2,355064465.691,0.187,-3.000,-0.485,0,0,fn
k0,0.684,"[-0.448, 1.816]",1.132,1.008,0.317,10.108,ngd,2,355064465.691,0.187,0.000,0.684,0,0,fp
k1,-0.689,"[-1.639, 0.261]",0.950,-1.209,0.231,10.108,ngd,2,355064465.691,0.187,0.000,-0.689,0,0,fp
k2,0.549,"[-0.187, 1.284]",0.736,1.244,0.218,10.108,ngd,2,355064465.691,0.187,0.000,0.549,0,0,fp
k3,0.447,"[-0.969, 1.862]",1.416,0.526,0.600,10.108,ngd,2,355064465.691,0.187,0.000,0.447,0,0,fp
k4,-0.452,"[-1.931, 1.027]",1.479,-0.510,0.612,10.108,ngd,2,355064465.691,0.187,0.000,-0.452,0,0,fp
k5,0.046,"[-0.611, 0.703]",0.657,0.116,0.908,10.108,ngd,2,355064465.691,0.187,0.000,0.046,0,0,fp
vot,0.214,,,,,10.108,ngd,2,355064465.691,0.187,0.167,0.047,0,0,fn
tt,0.021,"[-0.489, 0.531]",0.510,0.069,0.945,10.428,lm,2,3387002880.845,0.579,-1.000,1.021,1,0,fn
c,-6.870,"[-15.01, 1.269]",8.139,-1.408,0.164,10.428,lm,2,3387002880.845,0.579,-6.000,-0.870,1,0,fn
s,-2.993,"[-6.981, 0.995]",3.988,-1.252,0.215,10.428,lm,2,3387002880.845,0.579,-3.000,0.007,1,0,fn
k0,1.630,"[-2.032, 5.291]",3.661,0.742,0.460,10.428,lm,2,3387002880.845,0.579,0.000,1.630,0,0,fp
k1,-1.355,"[-3.705, 0.994]",2.350,-0.962,0.339,10.428,lm,2,3387002880.845,0.579,0.000,-1.355,0,0,fp
k2,1.869,"[-0.579, 4.318]",2.449,1.273,0.207,10.428,lm,2,3387002880.845,0.579,0.000,1.869,0,0,fp
k3,1.131,"[-1.788, 4.051]",2.919,0.646,0.520,10.428,lm,2,3387002880.845,0.579,0.000,1.131,0,0,fp
k4,-0.067,"[-2.055, 1.921]",1.988,-0.056,0.956,10.428,lm,2,3387002880.845,0.579,0.000,-0.067,0,0,fp
k5,0.612,"[-0.959, 2.184]",1.571,0.650,0.518,10.428,lm,2,3387002880.845,0.579,0.000,0.612,0,0,fp
vot,-0.003,,,,,10.428,lm,2,3387002880.845,0.579,0.167,-0.170,0,0,fn
tt,-1.535,"[-2.311, -0.758]",0.777,-3.295,0.002,20.899,ngd+lm,2,271018685.989,0.164,-1.000,-0.535,0,0,fn
c,-7.603,"[-11.346, -3.859]",3.743,-3.387,0.001,20.899,ngd+lm,2,271018685.989,0.164,-6.000,-1.603,0,0,fn
s,-4.454,"[-6.766, -2.142]",2.312,-3.214,0.002,20.899,ngd+lm,2,271018685.989,0.164,-3.000,-1.454,0,0,fn
k0,-0.110,"[-1.184, 0.963]",1.073,-0.171,0.864,20.899,ngd+lm,2,271018685.989,0.164,0.000,-0.110,0,0,fp
k1,-0.227,"[-1.073, 0.618]",0.846,-0.448,0.655,20.899,ngd+lm,2,271018685.989,0.164,0.000,-0.227,0,0,fp
k2,-0.026,"[-0.698, 0.646]",0.672,-0.064,0.949,20.899,ngd+lm,2,271018685.989,0.164,0.000,-0.026,0,0,fp
k3,0.884,"[-0.616, 2.384]",1.500,0.983,0.329,20.899,ngd+lm,2,271018685.989,0.164,0.000,0.884,0,0,fp
k4,-0.586,"[-2.009, 0.837]",1.423,-0.687,0.494,20.899,ngd+lm,2,271018685.989,0.164,0.000,-0.586,0,0,fp
k5,0.341,"[-0.351, 1.034]",0.693,0.822,0.414,20.899,ngd+lm,2,271018685.989,0.164,0.000,0.341,0,0,fp
vot,0.202,,,,,20.899,ngd+lm,2,271018685.989,0.164,0.167,0.035,0,0,fn
tt,-0.972,"[-1.448, -0.497]",0.476,-3.410,0.001,10.034,ngd,3,445496367.810,0.216,-1.000,0.028,0,0,fn
c,-5.486,"[-8.286, -2.685]",2.800,-3.267,0.002,10.034,ngd,3,445496367.810,0.216,-6.000,0.514,0,0,fn
s,-3.372,"[-5.139, -1.605]",1.767,-3.183,0.002,10.034,ngd,3,445496367.810,0.216,-3.000,-0.372,0,0,fn
k0,-1.326,"[-2.244, -0.409]",0.917,-2.411,0.019,10.034,ngd,3,445496367.810,0.216,0.000,-1.326,0,1,fp
k1,1.307,"[0.112, 2.502]",1.195,1.825,0.072,10.034,ngd,3,445496367.810,0.216,0.000,1.307,0,1,fp
k2,-0.824,"[-1.842, 0.194]",1.018,-1.350,0.181,10.034,ngd,3,445496367.810,0.216,0.000,-0.824,0,0,fp
k3,-0.091,"[-0.856, 0.673]",0.764,-0.200,0.842,10.034,ngd,3,445496367.810,0.216,0.000,-0.091,0,0,fp
k4,1.047,"[0.222, 1.873]",0.826,2.116,0.038,10.034,ngd,3,445496367.810,0.216,0.000,1.047,0,1,fp
k5,-1.317,"[-2.269, -0.365]",0.952,-2.308,0.024,10.034,ngd,3,445496367.810,0.216,0.000,-1.317,0,1,fp
vot,0.177,,,,,10.034,ngd,3,445496367.810,0.216,0.167,0.011,0,0,fn
tt,-0.895,"[-1.129, -0.662]",0.234,-6.393,0.000,10.537,lm,3,157791238.052,0.129,-1.000,0.105,0,0,fn
c,-5.052,"[-6.479, -3.626]",1.427,-5.907,0.000,10.537,lm,3,157791238.052,0.129,-6.000,0.948,0,0,fn
s,-2.726,"[-3.487, -1.965]",0.761,-5.971,0.000,10.537,lm,3,157791238.052,0.129,-3.000,0.274,0,0,fn
k0,-0.390,"[-0.803, 0.023]",0.413,-1.577,0.120,10.537,lm,3,157791238.052,0.129,0.000,-0.390,0,0,fp
k1,0.430,"[0.098, 0.762]",0.332,2.162,0.034,10.537,lm,3,157791238.052,0.129,0.000,0.430,0,1,fp
k2,0.149,"[-0.18, 0.479]",0.329,0.756,0.452,10.537,lm,3,157791238.052,0.129,0.000,0.149,0,0,fp
k3,-0.069,"[-0.47, 0.332]",0.401,-0.287,0.775,10.537,lm,3,157791238.052,0.129,0.000,-0.069,0,0,fp
k4,-0.021,"[-0.356, 0.315]",0.335,-0.102,0.919,10.537,lm,3,157791238.052,0.129,0.000,-0.021,0,0,fp
k5,-0.495,"[-0.867, -0.122]",0.372,-2.217,0.030,10.537,lm,3,157791238.052,0.129,0.000,-0.495,0,1,fp
vot,0.177,,,,,10.537,lm,3,157791238.052,0.129,0.167,0.011,0,0,fn
tt,-0.895,"[-1.129, -0.662]",0.234,-6.394,0.000,20.510,ngd+lm,3,157791204.992,0.129,-1.000,0.105,0,0,fn
c,-5.051,"[-6.477, -3.625]",1.426,-5.908,0.000,20.510,ngd+lm,3,157791204.992,0.129,-6.000,0.949,0,0,fn
s,-2.725,"[-3.486, -1.964]",0.761,-5.972,0.000,20.510,ngd+lm,3,157791204.992,0.129,-3.000,0.275,0,0,fn
k0,-0.390,"[-0.803, 0.022]",0.413,-1.577,0.119,20.510,ngd+lm,3,157791204.992,0.129,0.000,-0.390,0,0,fp
k1,0.430,"[0.098, 0.762]",0.332,2.162,0.034,20.510,ngd+lm,3,157791204.992,0.129,0.000,0.430,0,1,fp
k2,0.149,"[-0.18, 0.479]",0.329,0.756,0.452,20.510,ngd+lm,3,157791204.992,0.129,0.000,0.149,0,0,fp
k3,-0.069,"[-0.47, 0.332]",0.401,-0.286,0.776,20.510,ngd+lm,3,157791204.992,0.129,0.000,-0.069,0,0,fp
k4,-0.020,"[-0.355, 0.315]",0.335,-0.102,0.919,20.510,ngd+lm,3,157791204.992,0.129,0.000,-0.020,0,0,fp
k5,-0.495,"[-0.867, -0.123]",0.372,-2.218,0.030,20.510,ngd+lm,3,157791204.992,0.129,0.000,-0.495,0,1,fp
vot,0.177,,,,,20.510,ngd+lm,3,157791204.992,0.129,0.167,0.011,0,0,fn
tt,-0.782,"[-1.337, -0.228]",0.554,-2.354,0.022,9.865,ngd,4,387106341.728,0.200,-1.000,0.218,0,0,fn
c,-5.183,"[-8.786, -1.579]",3.603,-2.399,0.019,9.865,ngd,4,387106341.728,0.200,-6.000,0.817,0,0,fn
s,-2.243,"[-3.734, -0.752]",1.491,-2.509,0.015,9.865,ngd,4,387106341.728,0.200,-3.000,0.757,0,0,fn
k0,-0.737,"[-1.604, 0.129]",0.867,-1.419,0.161,9.865,ngd,4,387106341.728,0.200,0.000,-0.737,0,0,fp
k1,-1.262,"[-2.773, 0.25]",1.511,-1.392,0.168,9.865,ngd,4,387106341.728,0.200,0.000,-1.262,0,0,fp
k2,1.259,"[0.144, 2.374]",1.115,1.883,0.064,9.865,ngd,4,387106341.728,0.200,0.000,1.259,0,1,fp
k3,0.495,"[-0.281, 1.272]",0.776,1.065,0.291,9.865,ngd,4,387106341.728,0.200,0.000,0.495,0,0,fp
k4,-1.586,"[-2.917, -0.255]",1.331,-1.987,0.051,9.865,ngd,4,387106341.728,0.200,0.000,-1.586,0,1,fp
k5,-0.265,"[-0.828, 0.298]",0.563,-0.784,0.436,9.865,ngd,4,387106341.728,0.200,0.000,-0.265,0,0,fp
vot,0.151,,,,,9.865,ngd,4,387106341.728,0.200,0.167,-0.016,0,0,fn
tt,-2.593,"[-7.84, 2.654]",5.247,-0.824,0.413,10.709,lm,4,2266268440.580,0.483,-1.000,-1.593,1,0,fn
c,-4.493,"[-14.257, 5.272]",9.765,-0.767,0.446,10.709,lm,4,2266268440.580,0.483,-6.000,1.507,1,0,fn
s,-1.385,"[-5.442, 2.671]",4.056,-0.570,0.571,10.709,lm,4,2266268440.580,0.483,-3.000,1.615,1,0,fn
k0,-0.964,"[-3.76, 1.833]",2.797,-0.575,0.567,10.709,lm,4,2266268440.580,0.483,0.000,-0.964,0,0,fp
k1,-1.155,"[-5.745, 3.434]",4.589,-0.420,0.676,10.709,lm,4,2266268440.580,0.483,0.000,-1.155,0,0,fp
k2,1.797,"[-2.517, 6.111]",4.314,0.695,0.490,10.709,lm,4,2266268440.580,0.483,0.000,1.797,0,0,fp
k3,0.895,"[-2.776, 4.566]",3.671,0.407,0.685,10.709,lm,4,2266268440.580,0.483,0.000,0.895,0,0,fp
k4,-1.828,"[-5.474, 1.817]",3.645,-0.837,0.406,10.709,lm,4,2266268440.580,0.483,0.000,-1.828,0,0,fp
k5,0.118,"[-2.171, 2.407]",2.289,0.086,0.932,10.709,lm,4,2266268440.580,0.483,0.000,0.118,0,0,fp
vot,0.577,,,,,10.709,lm,4,2266268440.580,0.483,0.167,0.411,0,0,fn
tt,-0.888,"[-1.191, -0.585]",0.303,-4.887,0.000,20.197,ngd+lm,4,143728666.517,0.122,-1.000,0.112,0,0,fn
c,-4.943,"[-6.505, -3.38]",1.563,-5.275,0.000,20.197,ngd+lm,4,143728666.517,0.122,-6.000,1.057,0,0,fn
s,-2.497,"[-3.267, -1.728]",0.770,-5.412,0.000,20.197,ngd+lm,4,143728666.517,0.122,-3.000,0.503,0,0,fn
k0,0.197,"[-0.272, 0.667]",0.469,0.702,0.485,20.197,ngd+lm,4,143728666.517,0.122,0.000,0.197,0,0,fp
k1,1.225,"[0.385, 2.064]",0.839,2.433,0.018,20.197,ngd+lm,4,143728666.517,0.122,0.000,1.225,0,1,fp
k2,-0.689,"[-1.308, -0.071]",0.618,-1.859,0.067,20.197,ngd+lm,4,143728666.517,0.122,0.000,-0.689,0,1,fp
k3,-0.576,"[-1.097, -0.055]",0.521,-1.845,0.069,20.197,ngd+lm,4,143728666.517,0.122,0.000,-0.576,0,1,fp
k4,-0.190,"[-0.588, 0.208]",0.398,-0.796,0.429,20.197,ngd+lm,4,143728666.517,0.122,0.000,-0.190,0,0,fp
k5,0.308,"[-0.019, 0.634]",0.326,1.572,0.121,20.197,ngd+lm,4,143728666.517,0.122,0.000,0.308,0,0,fp
vot,0.180,,,,,20.197,ngd+lm,4,143728666.517,0.122,0.167,0.013,0,0,fn
tt,-0.817,"[-1.39, -0.244]",0.573,-2.379,0.020,9.986,ngd,5,411319510.987,0.205,-1.000,0.183,0,0,fn
c,-6.625,"[-11.126, -2.124]",4.501,-2.455,0.017,9.986,ngd,5,411319510.987,0.205,-6.000,-0.625,0,0,fn
s,-2.666,"[-4.48, -0.852]",1.814,-2.451,0.017,9.986,ngd,5,411319510.987,0.205,-3.000,0.334,0,0,fn
k0,-0.607,"[-1.963, 0.748]",1.356,-0.747,0.457,9.986,ngd,5,411319510.987,0.205,0.000,-0.607,0,0,fp
k1,-1.423,"[-2.87, 0.025]",1.447,-1.640,0.106,9.986,ngd,5,411319510.987,0.205,0.000,-1.423,0,0,fp
k2,-1.416,"[-2.879, 0.048]",1.464,-1.613,0.111,9.986,ngd,5,411319510.987,0.205,0.000,-1.416,0,0,fp
k3,0.928,"[-0.269, 2.125]",1.197,1.293,0.200,9.986,ngd,5,411319510.987,0.205,0.000,0.928,0,0,fp
k4,1.399,"[0.281, 2.518]",1.119,2.086,0.041,9.986,ngd,5,411319510.987,0.205,0.000,1.399,0,1,fp
k5,0.290,"[-0.744, 1.324]",1.034,0.467,0.642,9.986,ngd,5,411319510.987,0.205,0.000,0.290,0,0,fp
vot,0.123,,,,,9.986,ngd,5,411319510.987,0.205,0.167,-0.043,0,0,fn
tt,0.920,"[-0.892, 2.731]",1.811,0.847,0.400,10.728,lm,5,5436689684.632,0.744,-1.000,1.920,1,0,fn
c,-6.236,"[-17.41, 4.937]",11.173,-0.931,0.355,10.728,lm,5,5436689684.632,0.744,-6.000,-0.236,1,0,fn
s,-2.289,"[-6.628, 2.05]",4.339,-0.880,0.382,10.728,lm,5,5436689684.632,0.744,-3.000,0.711,1,0,fn
k0,-0.836,"[-4.145, 2.472]",3.309,-0.422,0.675,10.728,lm,5,5436689684.632,0.744,0.000,-0.836,0,0,fp
k1,-1.326,"[-5.87, 3.217]",4.543,-0.487,0.628,10.728,lm,5,5436689684.632,0.744,0.000,-1.326,0,0,fp
k2,-1.836,"[-6.629, 2.958]",4.794,-0.639,0.525,10.728,lm,5,5436689684.632,0.744,0.000,-1.836,0,0,fp
k3,1.455,"[-2.451, 5.361]",3.906,0.621,0.537,10.728,lm,5,5436689684.632,0.744,0.000,1.455,0,0,fp
k4,1.919,"[-2.619, 6.457]",4.538,0.705,0.483,10.728,lm,5,5436689684.632,0.744,0.000,1.919,0,0,fp
k5,0.508,"[-1.902, 2.918]",2.410,0.351,0.726,10.728,lm,5,5436689684.632,0.744,0.000,0.508,0,0,fp
vot,-0.147,,,,,10.728,lm,5,5436689684.632,0.744,0.167,-0.314,0,0,fn
tt,-1.375,"[-2.106, -0.643]",0.731,-3.135,0.003,20.712,ngd+lm,5,182698767.911,0.136,-1.000,-0.375,0,0,fn
c,-9.048,"[-13.867, -4.228]",4.819,-3.131,0.003,20.712,ngd+lm,5,182698767.911,0.136,-6.000,-3.048,0,0,fn
s,-4.571,"[-7.09, -2.052]",2.519,-3.027,0.004,20.712,ngd+lm,5,182698767.911,0.136,-3.000,-1.571,0,0,fn
k0,-0.719,"[-1.692, 0.255]",0.974,-1.231,0.222,20.712,ngd+lm,5,182698767.911,0.136,0.000,-0.719,0,0,fp
k1,-1.397,"[-2.668, -0.127]",1.270,-1.834,0.071,20.712,ngd+lm,5,182698767.911,0.136,0.000,-1.397,0,1,fp
k2,0.345,"[-0.419, 1.11]",0.764,0.754,0.453,20.712,ngd+lm,5,182698767.911,0.136,0.000,0.345,0,0,fp
k3,0.264,"[-0.346, 0.874]",0.610,0.721,0.473,20.712,ngd+lm,5,182698767.911,0.136,0.000,0.264,0,0,fp
k4,0.036,"[-0.694, 0.766]",0.730,0.082,0.935,20.712,ngd+lm,5,182698767.911,0.136,0.000,0.036,0,0,fp
k5,0.611,"[-0.244, 1.466]",0.855,1.192,0.238,20.712,ngd+lm,5,182698767.911,0.136,0.000,0.611,0,0,fp
vot,0.152,,,,,20.712,ngd+lm,5,182698767.911,0.136,0.167,-0.015,0,0,fn
tt,-0.581,"[-0.914, -0.248]",0.333,-2.911,0.005,9.900,ngd,6,430980289.882,0.212,-1.000,0.419,0,0,fn
c,-5.070,"[-7.693, -2.446]",2.623,-3.223,0.002,9.900,ngd,6,430980289.882,0.212,-6.000,0.930,0,0,fn
s,-2.177,"[-3.454, -0.9]",1.277,-2.843,0.006,9.900,ngd,6,430980289.882,0.212,-3.000,0.823,0,0,fn
k0,-1.780,"[-3.566, 0.007]",1.787,-1.661,0.101,9.900,ngd,6,430980289.882,0.212,0.000,-1.780,0,0,fp
k1,0.493,"[-0.318, 1.303]",0.811,1.013,0.315,9.900,ngd,6,430980289.882,0.212,0.000,0.493,0,0,fp
k2,-0.987,"[-2.197, 0.223]",1.210,-1.361,0.178,9.900,ngd,6,430980289.882,0.212,0.000,-0.987,0,0,fp
k3,1.079,"[-0.01, 2.168]",1.089,1.653,0.103,9.900,ngd,6,430980289.882,0.212,0.000,1.079,0,0,fp
k4,1.263,"[0.242, 2.283]",1.020,2.064,0.043,9.900,ngd,6,430980289.882,0.212,0.000,1.263,0,1,fp
k5,-0.385,"[-1.201, 0.43]",0.815,-0.788,0.433,9.900,ngd,6,430980289.882,0.212,0.000,-0.385,0,0,fp
vot,0.115,,,,,9.900,ngd,6,430980289.882,0.212,0.167,-0.052,0,0,fn
tt,-267.019,"[-5225.183, 4691.145]",4958.164,-0.090,0.929,10.722,lm,6,2873308191.629,0.548,-1.000,-266.019,1,0,fn
c,-994.106,"[-3092.131, 1103.919]",2098.025,-0.790,0.432,10.722,lm,6,2873308191.629,0.548,-6.000,-988.106,1,0,fn
s,353.930,"[1.051, 706.809]",352.879,1.673,0.099,10.722,lm,6,2873308191.629,0.548,-3.000,356.930,0,0,fn
k0,-1207.340,"[-2711.309, 296.63]",1503.969,-1.339,0.185,10.722,lm,6,2873308191.629,0.548,0.000,-1207.340,0,0,fp
k1,559.349,"[334.063, 784.636]",225.286,4.141,0.000,10.722,lm,6,2873308191.629,0.548,0.000,559.349,0,1,fp
k2,-700.736,"[-4282.626, 2881.154]",3581.890,-0.326,0.745,10.722,lm,6,2873308191.629,0.548,0.000,-700.736,0,0,fp
k3,-1371.042,"[-4102.061, 1359.977]",2731.019,-0.837,0.405,10.722,lm,6,2873308191.629,0.548,0.000,-1371.042,0,0,fp
k4,-797.330,"[-2054.643, 459.983]",1257.313,-1.058,0.294,10.722,lm,6,2873308191.629,0.548,0.000,-797.330,0,0,fp
k5,326.425,"[-3631.488, 4284.338]",3957.913,0.138,0.891,10.722,lm,6,2873308191.629,0.548,0.000,326.425,0,0,fp
vot,0.269,,,,,10.722,lm,6,2873308191.629,0.548,0.167,0.102,0,0,fn
tt,-1.338,"[-1.98, -0.696]",0.642,-3.475,0.001,20.238,ngd+lm,6,144125754.900,0.123,-1.000,-0.338,0,0,fn
c,-8.223,"[-11.864, -4.581]",3.642,-3.766,0.000,20.238,ngd+lm,6,144125754.900,0.123,-6.000,-2.223,0,0,fn
s,-4.289,"[-6.27, -2.309]",1.981,-3.612,0.001,20.238,ngd+lm,6,144125754.900,0.123,-3.000,-1.289,0,0,fn
k0,0.495,"[-0.403, 1.393]",0.898,0.920,0.361,20.238,ngd+lm,6,144125754.900,0.123,0.000,0.495,0,0,fp
k1,-0.171,"[-0.855, 0.513]",0.684,-0.417,0.678,20.238,ngd+lm,6,144125754.900,0.123,0.000,-0.171,0,0,fp
k2,-0.677,"[-1.79, 0.435]",1.113,-1.015,0.314,20.238,ngd+lm,6,144125754.900,0.123,0.000,-0.677,0,0,fp
k3,-0.521,"[-1.491, 0.45]",0.970,-0.895,0.374,20.238,ngd+lm,6,144125754.900,0.123,0.000,-0.521,0,0,fp
k4,0.186,"[-0.254, 0.626]",0.440,0.706,0.483,20.238,ngd+lm,6,144125754.900,0.123,0.000,0.186,0,0,fp
k5,0.198,"[-0.612, 1.007]",0.810,0.407,0.685,20.238,ngd+lm,6,144125754.900,0.123,0.000,0.198,0,0,fp
vot,0.163,,,,,20.238,ngd+lm,6,144125754.900,0.123,0.167,-0.004,0,0,fn
tt,-1.411,"[-2.172, -0.65]",0.761,-3.094,0.003,10.363,ngd,7,338421328.429,0.185,-1.000,-0.411,0,0,fn
c,-6.101,"[-9.755, -2.447]",3.654,-2.785,0.007,10.363,ngd,7,338421328.429,0.185,-6.000,-0.101,0,0,fn
s,-3.946,"[-6.108, -1.783]",2.162,-3.043,0.003,10.363,ngd,7,338421328.429,0.185,-3.000,-0.946,0,0,fn
k0,-0.168,"[-0.733, 0.397]",0.565,-0.496,0.621,10.363,ngd,7,338421328.429,0.185,0.000,-0.168,0,0,fp
k1,0.093,"[-0.495, 0.682]",0.588,0.265,0.792,10.363,ngd,7,338421328.429,0.185,0.000,0.093,0,0,fp
k2,-1.016,"[-2.378, 0.346]",1.362,-1.244,0.218,10.363,ngd,7,338421328.429,0.185,0.000,-1.016,0,0,fp
k3,-0.684,"[-1.808, 0.44]",1.124,-1.014,0.314,10.363,ngd,7,338421328.429,0.185,0.000,-0.684,0,0,fp
k4,-1.121,"[-2.034, -0.209]",0.913,-2.049,0.044,10.363,ngd,7,338421328.429,0.185,0.000,-1.121,0,1,fp
k5,1.123,"[-0.462, 2.708]",1.585,1.182,0.241,10.363,ngd,7,338421328.429,0.185,0.000,1.123,0,0,fp
vot,0.231,,,,,10.363,ngd,7,338421328.429,0.185,0.167,0.065,0,0,fn
tt,-2.193,"[-4.547, 0.161]",2.354,-1.554,0.125,10.544,lm,7,1186940515.964,0.347,-1.000,-1.193,1,0,fn
c,-5.589,"[-12.394, 1.216]",6.805,-1.370,0.175,10.544,lm,7,1186940515.964,0.347,-6.000,0.411,1,0,fn
s,-4.012,"[-8.478, 0.454]",4.466,-1.498,0.139,10.544,lm,7,1186940515.964,0.347,-3.000,-1.012,1,0,fn
k0,0.245,"[-1.232, 1.722]",1.477,0.277,0.783,10.544,lm,7,1186940515.964,0.347,0.000,0.245,0,0,fp
k1,0.079,"[-1.086, 1.243]",1.165,0.113,0.911,10.544,lm,7,1186940515.964,0.347,0.000,0.079,0,0,fp
k2,-0.887,"[-3.005, 1.231]",2.118,-0.699,0.487,10.544,lm,7,1186940515.964,0.347,0.000,-0.887,0,0,fp
k3,-0.602,"[-2.431, 1.227]",1.829,-0.549,0.585,10.544,lm,7,1186940515.964,0.347,0.000,-0.602,0,0,fp
k4,-1.204,"[-3.914, 1.507]",2.711,-0.741,0.462,10.544,lm,7,1186940515.964,0.347,0.000,-1.204,0,0,fp
k5,1.720,"[-1.525, 4.965]",3.245,0.884,0.380,10.544,lm,7,1186940515.964,0.347,0.000,1.720,0,0,fp
vot,0.392,,,,,10.544,lm,7,1186940515.964,0.347,0.167,0.226,0,0,fn
tt,-1.101,"[-1.476, -0.726]",0.375,-4.894,0.000,20.971,ngd+lm,7,167406421.221,0.130,-1.000,-0.101,0,0,fn
c,-6.123,"[-8.136, -4.109]",2.014,-5.071,0.000,20.971,ngd+lm,7,167406421.221,0.130,-6.000,-0.123,0,0,fn
s,-3.402,"[-4.485, -2.32]",1.082,-5.243,0.000,20.971,ngd+lm,7,167406421.221,0.130,-3.000,-0.402,0,0,fn
k0,0.156,"[-0.213, 0.524]",0.368,0.705,0.483,20.971,ngd+lm,7,167406421.221,0.130,0.000,0.156,0,0,fp
k1,-0.025,"[-0.408, 0.359]",0.383,-0.108,0.915,20.971,ngd+lm,7,167406421.221,0.130,0.000,-0.025,0,0,fp
k2,0.037,"[-0.662, 0.736]",0.699,0.088,0.930,20.971,ngd+lm,7,167406421.221,0.130,0.000,0.037,0,0,fp
k3,-0.015,"[-0.536, 0.506]",0.521,-0.048,0.962,20.971,ngd+lm,7,167406421.221,0.130,0.000,-0.015,0,0,fp
k4,-0.115,"[-0.576, 0.346]",0.461,-0.417,0.678,20.971,ngd+lm,7,167406421.221,0.130,0.000,-0.115,0,0,fp
k5,-0.345,"[-1.14, 0.451]",0.795,-0.722,0.473,20.971,ngd+lm,7,167406421.221,0.130,0.000,-0.345,0,0,fp
vot,0.180,,,,,20.971,ngd+lm,7,167406421.221,0.130,0.167,0.013,0,0,fn
tt,-0.624,"[-1.01, -0.239]",0.385,-2.704,0.009,10.200,ngd,8,449895336.719,0.216,-1.000,0.376,0,0,fn
c,-4.682,"[-7.375, -1.99]",2.692,-2.901,0.005,10.200,ngd,8,449895336.719,0.216,-6.000,1.318,0,0,fn
s,-2.199,"[-3.526, -0.872]",1.327,-2.764,0.007,10.200,ngd,8,449895336.719,0.216,-3.000,0.801,0,0,fn
k0,-0.657,"[-1.372, 0.058]",0.715,-1.533,0.130,10.200,ngd,8,449895336.719,0.216,0.000,-0.657,0,0,fp
k1,0.096,"[-0.59, 0.783]",0.686,0.234,0.816,10.200,ngd,8,449895336.719,0.216,0.000,0.096,0,0,fp
k2,-0.530,"[-1.311, 0.252]",0.782,-1.130,0.263,10.200,ngd,8,449895336.719,0.216,0.000,-0.530,0,0,fp
k3,-0.270,"[-1.006, 0.466]",0.736,-0.613,0.542,10.200,ngd,8,449895336.719,0.216,0.000,-0.270,0,0,fp
k4,0.504,"[-0.345, 1.354]",0.850,0.990,0.326,10.200,ngd,8,449895336.719,0.216,0.000,0.504,0,0,fp
k5,0.060,"[-0.561, 0.682]",0.622,0.162,0.872,10.200,ngd,8,449895336.719,0.216,0.000,0.060,0,0,fp
vot,0.133,,,,,10.200,ngd,8,449895336.719,0.216,0.167,-0.033,0,0,fn
tt,-1.381,"[-2.006, -0.756]",0.625,-3.686,0.000,10.460,lm,8,166178258.859,0.131,-1.000,-0.381,0,0,fn
c,-8.097,"[-11.801, -4.394]",3.704,-3.646,0.001,10.460,lm,8,166178258.859,0.131,-6.000,-2.097,0,0,fn
s,-3.987,"[-5.696, -2.278]",1.709,-3.891,0.000,10.460,lm,8,166178258.859,0.131,-3.000,-0.987,0,0,fn
k0,0.895,"[0.121, 1.669]",0.774,1.928,0.058,10.460,lm,8,166178258.859,0.131,0.000,0.895,0,1,fp
k1,0.221,"[-0.357, 0.798]",0.578,0.637,0.526,10.460,lm,8,166178258.859,0.131,0.000,0.221,0,0,fp
k2,-0.513,"[-1.232, 0.205]",0.719,-1.191,0.238,10.460,lm,8,166178258.859,0.131,0.000,-0.513,0,0,fp
k3,0.529,"[-0.1, 1.159]",0.630,1.403,0.165,10.460,lm,8,166178258.859,0.131,0.000,0.529,0,0,fp
k4,0.039,"[-0.821, 0.9]",0.860,0.077,0.939,10.460,lm,8,166178258.859,0.131,0.000,0.039,0,0,fp
k5,-0.342,"[-0.861, 0.178]",0.519,-1.097,0.277,10.460,lm,8,166178258.859,0.131,0.000,-0.342,0,0,fp
vot,0.171,,,,,10.460,lm,8,166178258.859,0.131,0.167,0.004,0,0,fn
tt,-1.385,"[-2.013, -0.757]",0.628,-3.678,0.000,20.556,ngd+lm,8,166177587.213,0.131,-1.000,-0.385,0,0,fn
c,-8.120,"[-11.842, -4.398]",3.722,-3.639,0.001,20.556,ngd+lm,8,166177587.213,0.131,-6.000,-2.120,0,0,fn
s,-3.997,"[-5.713, -2.28]",1.717,-3.884,0.000,20.556,ngd+lm,8,166177587.213,0.131,-3.000,-0.997,0,0,fn
k0,0.898,"[0.121, 1.676]",0.778,1.927,0.058,20.556,ngd+lm,8,166177587.213,0.131,0.000,0.898,0,1,fp
k1,0.221,"[-0.358, 0.8]",0.579,0.637,0.526,20.556,ngd+lm,8,166177587.213,0.131,0.000,0.221,0,0,fp
k2,-0.517,"[-1.238, 0.204]",0.721,-1.196,0.236,20.556,ngd+lm,8,166177587.213,0.131,0.000,-0.517,0,0,fp
k3,0.530,"[-0.101, 1.161]",0.631,1.401,0.166,20.556,ngd+lm,8,166177587.213,0.131,0.000,0.530,0,0,fp
k4,0.042,"[-0.821, 0.904]",0.863,0.080,0.936,20.556,ngd+lm,8,166177587.213,0.131,0.000,0.042,0,0,fp
k5,-0.343,"[-0.863, 0.177]",0.520,-1.100,0.275,20.556,ngd+lm,8,166177587.213,0.131,0.000,-0.343,0,0,fp
vot,0.171,,,,,20.556,ngd+lm,8,166177587.213,0.131,0.167,0.004,0,0,fn
tt,-1.426,"[-2.109, -0.743]",0.683,-3.484,0.001,10.268,ngd,9,262506640.336,0.164,-1.000,-0.426,0,0,fn
c,-6.742,"[-10.203, -3.28]",3.461,-3.249,0.002,10.268,ngd,9,262506640.336,0.164,-6.000,-0.742,0,0,fn
s,-3.436,"[-5.194, -1.678]",1.758,-3.260,0.002,10.268,ngd,9,262506640.336,0.164,-3.000,-0.436,0,0,fn
k0,0.200,"[-0.403, 0.804]",0.603,0.553,0.582,10.268,ngd,9,262506640.336,0.164,0.000,0.200,0,0,fp
k1,-0.412,"[-1.448, 0.623]",1.036,-0.664,0.509,10.268,ngd,9,262506640.336,0.164,0.000,-0.412,0,0,fp
k2,-0.480,"[-1.151, 0.192]",0.672,-1.192,0.238,10.268,ngd,9,262506640.336,0.164,0.000,-0.480,0,0,fp
k3,-0.163,"[-0.898, 0.572]",0.735,-0.371,0.712,10.268,ngd,9,262506640.336,0.164,0.000,-0.163,0,0,fp
k4,0.192,"[-0.669, 1.053]",0.861,0.372,0.711,10.268,ngd,9,262506640.336,0.164,0.000,0.192,0,0,fp
k5,0.047,"[-0.552, 0.646]",0.599,0.131,0.896,10.268,ngd,9,262506640.336,0.164,0.000,0.047,0,0,fp
vot,0.212,,,,,10.268,ngd,9,262506640.336,0.164,0.167,0.045,0,0,fn
tt,-0.471,"[-1.431, 0.488]",0.960,-0.819,0.416,10.440,lm,9,1521669472.578,0.394,-1.000,0.529,1,0,fn
c,-5.656,"[-14.628, 3.317]",8.973,-1.051,0.297,10.440,lm,9,1521669472.578,0.394,-6.000,0.344,1,0,fn
s,-4.549,"[-11.436, 2.339]",6.888,-1.101,0.275,10.440,lm,9,1521669472.578,0.394,-3.000,-1.549,1,0,fn
k0,1.531,"[-1.419, 4.482]",2.950,0.866,0.390,10.440,lm,9,1521669472.578,0.394,0.000,1.531,0,0,fp
k1,-1.248,"[-4.038, 1.542]",2.790,-0.746,0.458,10.440,lm,9,1521669472.578,0.394,0.000,-1.248,0,0,fp
k2,-0.400,"[-2.676, 1.875]",2.276,-0.294,0.770,10.440,lm,9,1521669472.578,0.394,0.000,-0.400,0,0,fp
k3,-0.161,"[-1.844, 1.522]",1.683,-0.160,0.874,10.440,lm,9,1521669472.578,0.394,0.000,-0.161,0,0,fp
k4,-0.387,"[-2.991, 2.217]",2.604,-0.248,0.805,10.440,lm,9,1521669472.578,0.394,0.000,-0.387,0,0,fp
k5,1.941,"[-1.363, 5.244]",3.303,0.980,0.331,10.440,lm,9,1521669472.578,0.394,0.000,1.941,0,0,fp
vot,0.083,,,,,10.440,lm,9,1521669472.578,0.394,0.167,-0.083,0,0,fn
tt,-1.104,"[-1.542, -0.667]",0.437,-4.213,0.000,21.029,ngd+lm,9,192335845.842,0.140,-1.000,-0.104,0,0,fn
c,-6.022,"[-8.362, -3.682]",2.340,-4.292,0.000,21.029,ngd+lm,9,192335845.842,0.140,-6.000,-0.022,0,0,fn
s,-2.858,"[-3.98, -1.736]",1.122,-4.247,0.000,21.029,ngd+lm,9,192335845.842,0.140,-3.000,0.142,0,0,fn
k0,-0.400,"[-0.801, 0.0]",0.401,-1.666,0.100,21.029,ngd+lm,9,192335845.842,0.140,0.000,-0.400,0,0,fp
k1,0.331,"[-0.313, 0.975]",0.644,0.858,0.394,21.029,ngd+lm,9,192335845.842,0.140,0.000,0.331,0,0,fp
k2,-0.239,"[-0.75, 0.272]",0.511,-0.780,0.438,21.029,ngd+lm,9,192335845.842,0.140,0.000,-0.239,0,0,fp
k3,-0.276,"[-0.813, 0.26]",0.536,-0.860,0.393,21.029,ngd+lm,9,192335845.842,0.140,0.000,-0.276,0,0,fp
k4,0.230,"[-0.316, 0.776]",0.546,0.702,0.485,21.029,ngd+lm,9,192335845.842,0.140,0.000,0.230,0,0,fp
k5,0.466,"[-0.025, 0.957]",0.491,1.583,0.118,21.029,ngd+lm,9,192335845.842,0.140,0.000,0.466,0,0,fp
vot,0.183,,,,,21.029,ngd+lm,9,192335845.842,0.140,0.167,0.017,0,0,fn
tt,-0.930,"[-1.846, -0.014]",0.916,-1.694,0.095,10.121,ngd,10,352088146.875,0.196,-1.000,0.070,0,0,fn
c,-5.319,"[-10.75, 0.111]",5.430,-1.634,0.107,10.121,ngd,10,352088146.875,0.196,-6.000,0.681,1,0,fn
s,-4.189,"[-7.363, -1.015]",3.174,-2.201,0.031,10.121,ngd,10,352088146.875,0.196,-3.000,-1.189,0,0,fn
k0,-0.474,"[-1.931, 0.982]",1.457,-0.543,0.589,10.121,ngd,10,352088146.875,0.196,0.000,-0.474,0,0,fp
k1,0.012,"[-0.908, 0.932]",0.920,0.022,0.983,10.121,ngd,10,352088146.875,0.196,0.000,0.012,0,0,fp
k2,0.524,"[-1.473, 2.52]",1.996,0.438,0.663,10.121,ngd,10,352088146.875,0.196,0.000,0.524,0,0,fp
k3,0.979,"[-0.715, 2.673]",1.694,0.964,0.339,10.121,ngd,10,352088146.875,0.196,0.000,0.979,0,0,fp
k4,-1.465,"[-3.299, 0.369]",1.834,-1.333,0.187,10.121,ngd,10,352088146.875,0.196,0.000,-1.465,0,0,fp
k5,0.251,"[-1.067, 1.568]",1.318,0.317,0.752,10.121,ngd,10,352088146.875,0.196,0.000,0.251,0,0,fp
vot,0.175,,,,,10.121,ngd,10,352088146.875,0.196,0.167,0.008,0,0,fn
tt,-0.399,"[-0.846, 0.048]",0.447,-1.490,0.141,10.278,lm,10,1606147385.101,0.418,-1.000,0.601,1,0,fn
c,-4.108,"[-8.647, 0.43]",4.539,-1.510,0.136,10.278,lm,10,1606147385.101,0.418,-6.000,1.892,1,0,fn
s,-4.705,"[-9.91, 0.501]",5.205,-1.508,0.136,10.278,lm,10,1606147385.101,0.418,-3.000,-1.705,1,0,fn
k0,0.080,"[-1.519, 1.679]",1.599,0.083,0.934,10.278,lm,10,1606147385.101,0.418,0.000,0.080,0,0,fp
k1,1.009,"[-0.651, 2.67]",1.661,1.014,0.314,10.278,lm,10,1606147385.101,0.418,0.000,1.009,0,0,fp
k2,1.948,"[-0.335, 4.232]",2.283,1.423,0.159,10.278,lm,10,1606147385.101,0.418,0.000,1.948,0,0,fp
k3,1.716,"[-0.887, 4.319]",2.603,1.099,0.276,10.278,lm,10,1606147385.101,0.418,0.000,1.716,0,0,fp
k4,-1.167,"[-3.209, 0.875]",2.042,-0.953,0.344,10.278,lm,10,1606147385.101,0.418,0.000,-1.167,0,0,fp
k5,0.762,"[-1.005, 2.528]",1.766,0.719,0.475,10.278,lm,10,1606147385.101,0.418,0.000,0.762,0,0,fp
vot,0.097,,,,,10.278,lm,10,1606147385.101,0.418,0.167,-0.069,0,0,fn
tt,-1.833,"[-3.552, -0.115]",1.719,-1.779,0.080,20.778,ngd+lm,10,219622778.193,0.155,-1.000,-0.833,0,0,fn
c,-12.798,"[-25.628, 0.032]",12.830,-1.664,0.101,20.778,ngd+lm,10,219622778.193,0.155,-6.000,-6.798,1,0,fn
s,-5.609,"[-10.568, -0.65]",4.959,-1.887,0.064,20.778,ngd+lm,10,219622778.193,0.155,-3.000,-2.609,0,0,fn
k0,0.220,"[-1.345, 1.785]",1.565,0.235,0.815,20.778,ngd+lm,10,219622778.193,0.155,0.000,0.220,0,0,fp
k1,0.941,"[-1.049, 2.931]",1.990,0.789,0.433,20.778,ngd+lm,10,219622778.193,0.155,0.000,0.941,0,0,fp
k2,0.121,"[-1.593, 1.835]",1.714,0.118,0.907,20.778,ngd+lm,10,219622778.193,0.155,0.000,0.121,0,0,fp
k3,-0.153,"[-1.238, 0.932]",1.085,-0.235,0.815,20.778,ngd+lm,10,219622778.193,0.155,0.000,-0.153,0,0,fp
k4,-0.244,"[-1.775, 1.286]",1.530,-0.266,0.791,20.778,ngd+lm,10,219622778.193,0.155,0.000,-0.244,0,0,fp
k5,0.796,"[-0.818, 2.41]",1.614,0.822,0.414,20.778,ngd+lm,10,219622778.193,0.155,0.000,0.796,0,0,fp
vot,0.143,,,,,20.778,ngd+lm,10,219622778.193,0.155,0.167,-0.023,0,0,fn
tt,-0.947,"[-1.398, -0.496]",0.451,-3.503,0.001,10.330,ngd,11,257842283.373,0.166,-1.000,0.053,0,0,fn
c,-5.298,"[-7.536, -3.061]",2.237,-3.950,0.000,10.330,ngd,11,257842283.373,0.166,-6.000,0.702,0,0,fn
s,-3.625,"[-5.259, -1.991]",1.634,-3.700,0.000,10.330,ngd,11,257842283.373,0.166,-3.000,-0.625,0,0,fn
k0,-0.319,"[-1.11, 0.472]",0.791,-0.672,0.504,10.330,ngd,11,257842283.373,0.166,0.000,-0.319,0,0,fp
k1,-0.363,"[-1.16, 0.434]",0.797,-0.760,0.450,10.330,ngd,11,257842283.373,0.166,0.000,-0.363,0,0,fp
k2,0.812,"[-0.163, 1.788]",0.975,1.389,0.169,10.330,ngd,11,257842283.373,0.166,0.000,0.812,0,0,fp
k3,0.526,"[-0.135, 1.186]",0.661,1.327,0.189,10.330,ngd,11,257842283.373,0.166,0.000,0.526,0,0,fp
k4,-0.356,"[-1.018, 0.306]",0.662,-0.897,0.373,10.330,ngd,11,257842283.373,0.166,0.000,-0.356,0,0,fp
k5,-0.278,"[-0.922, 0.367]",0.645,-0.718,0.475,10.330,ngd,11,257842283.373,0.166,0.000,-0.278,0,0,fp
vot,0.179,,,,,10.330,ngd,11,257842283.373,0.166,0.167,0.012,0,0,fn
tt,-2.238,"[-4.862, 0.387]",2.625,-1.422,0.160,10.495,lm,11,864964735.063,0.304,-1.000,-1.238,1,0,fn
c,-4.700,"[-10.856, 1.455]",6.156,-1.274,0.207,10.495,lm,11,864964735.063,0.304,-6.000,1.300,1,0,fn
s,-3.631,"[-8.014, 0.752]",4.383,-1.382,0.172,10.495,lm,11,864964735.063,0.304,-3.000,-0.631,1,0,fn
k0,0.261,"[-1.228, 1.75]",1.489,0.292,0.771,10.495,lm,11,864964735.063,0.304,0.000,0.261,0,0,fp
k1,-0.373,"[-2.346, 1.601]",1.973,-0.315,0.754,10.495,lm,11,864964735.063,0.304,0.000,-0.373,0,0,fp
k2,0.761,"[-2.495, 4.017]",3.256,0.390,0.698,10.495,lm,11,864964735.063,0.304,0.000,0.761,0,0,fp
k3,1.024,"[-0.794, 2.843]",1.819,0.939,0.351,10.495,lm,11,864964735.063,0.304,0.000,1.024,0,0,fp
k4,0.273,"[-1.402, 1.948]",1.675,0.272,0.787,10.495,lm,11,864964735.063,0.304,0.000,0.273,0,0,fp
k5,-0.527,"[-2.095, 1.041]",1.568,-0.561,0.577,10.495,lm,11,864964735.063,0.304,0.000,-0.527,0,0,fp
vot,0.476,,,,,10.495,lm,11,864964735.063,0.304,0.167,0.309,0,0,fn
tt,-1.013,"[-1.412, -0.614]",0.399,-4.234,0.000,20.951,ngd+lm,11,160877483.641,0.131,-1.000,-0.013,0,0,fn
c,-6.038,"[-8.407, -3.668]",2.370,-4.250,0.000,20.951,ngd+lm,11,160877483.641,0.131,-6.000,-0.038,0,0,fn
s,-2.802,"[-3.896, -1.709]",1.093,-4.276,0.000,20.951,ngd+lm,11,160877483.641,0.131,-3.000,0.198,0,0,fn
k0,-0.456,"[-1.09, 0.178]",0.634,-1.200,0.234,20.951,ngd+lm,11,160877483.641,0.131,0.000,-0.456,0,0,fp
k1,0.096,"[-0.556, 0.749]",0.653,0.246,0.806,20.951,ngd+lm,11,160877483.641,0.131,0.000,0.096,0,0,fp
k2,0.517,"[-0.2, 1.235]",0.717,1.203,0.233,20.951,ngd+lm,11,160877483.641,0.131,0.000,0.517,0,0,fp
k3,0.549,"[0.012, 1.086]",0.537,1.706,0.093,20.951,ngd+lm,11,160877483.641,0.131,0.000,0.549,0,1,fp
k4,-0.100,"[-0.717, 0.518]",0.617,-0.269,0.789,20.951,ngd+lm,11,160877483.641,0.131,0.000,-0.100,0,0,fp
k5,0.068,"[-0.42, 0.555]",0.488,0.232,0.817,20.951,ngd+lm,11,160877483.641,0.131,0.000,0.068,0,0,fp
vot,0.168,,,,,20.951,ngd+lm,11,160877483.641,0.131,0.167,0.001,0,0,fn
tt,-0.883,"[-1.33, -0.435]",0.448,-3.291,0.002,10.230,ngd,12,255688597.567,0.163,-1.000,0.117,0,0,fn
c,-5.004,"[-7.5, -2.508]",2.496,-3.344,0.001,10.230,ngd,12,255688597.567,0.163,-6.000,0.996,0,0,fn
s,-3.679,"[-5.22, -2.139]",1.540,-3.984,0.000,10.230,ngd,12,255688597.567,0.163,-3.000,-0.679,0,0,fn
k0,0.980,"[-0.076, 2.037]",1.057,1.547,0.126,10.230,ngd,12,255688597.567,0.163,0.000,0.980,0,0,fp
k1,-1.594,"[-2.787, -0.4]",1.193,-2.227,0.029,10.230,ngd,12,255688597.567,0.163,0.000,-1.594,0,1,fp
k2,-1.641,"[-2.695, -0.586]",1.054,-2.595,0.012,10.230,ngd,12,255688597.567,0.163,0.000,-1.641,0,1,fp
k3,0.888,"[-0.176, 1.952]",1.064,1.391,0.169,10.230,ngd,12,255688597.567,0.163,0.000,0.888,0,0,fp
k4,1.404,"[0.354, 2.453]",1.050,2.230,0.029,10.230,ngd,12,255688597.567,0.163,0.000,1.404,0,1,fp
k5,-1.322,"[-2.513, -0.132]",1.191,-1.852,0.068,10.230,ngd,12,255688597.567,0.163,0.000,-1.322,0,1,fp
vot,0.176,,,,,10.230,ngd,12,255688597.567,0.163,0.167,0.010,0,0,fn
tt,-2.504,"[-5.801, 0.793]",3.297,-1.267,0.210,10.615,lm,12,1416659832.647,0.383,-1.000,-1.504,1,0,fn
c,-4.269,"[-9.88, 1.342]",5.611,-1.269,0.209,10.615,lm,12,1416659832.647,0.383,-6.000,1.731,1,0,fn
s,-3.512,"[-9.032, 2.007]",5.519,-1.061,0.292,10.615,lm,12,1416659832.647,0.383,-3.000,-0.512,1,0,fn
k0,1.109,"[-1.398, 3.616]",2.507,0.738,0.463,10.615,lm,12,1416659832.647,0.383,0.000,1.109,0,0,fp
k1,-1.842,"[-5.74, 2.056]",3.898,-0.788,0.433,10.615,lm,12,1416659832.647,0.383,0.000,-1.842,0,0,fp
k2,-1.439,"[-5.492, 2.613]",4.053,-0.592,0.556,10.615,lm,12,1416659832.647,0.383,0.000,-1.439,0,0,fp
k3,1.162,"[-2.576, 4.899]",3.738,0.518,0.606,10.615,lm,12,1416659832.647,0.383,0.000,1.162,0,0,fp
k4,1.709,"[-1.648, 5.067]",3.357,0.849,0.399,10.615,lm,12,1416659832.647,0.383,0.000,1.709,0,0,fp
k5,-1.098,"[-7.404, 5.208]",6.306,-0.290,0.772,10.615,lm,12,1416659832.647,0.383,0.000,-1.098,0,0,fp
vot,0.587,,,,,10.615,lm,12,1416659832.647,0.383,0.167,0.420,0,0,fn
tt,-1.018,"[-1.369, -0.667]",0.351,-4.840,0.000,20.632,ngd+lm,12,164031341.486,0.130,-1.000,-0.018,0,0,fn
c,-5.764,"[-7.804, -3.724]",2.040,-4.713,0.000,20.632,ngd+lm,12,164031341.486,0.130,-6.000,0.236,0,0,fn
s,-2.803,"[-3.54, -2.067]",0.737,-6.348,0.000,20.632,ngd+lm,12,164031341.486,0.130,-3.000,0.197,0,0,fn
k0,0.697,"[0.079, 1.315]",0.618,1.881,0.064,20.632,ngd+lm,12,164031341.486,0.130,0.000,0.697,0,1,fp
k1,-0.486,"[-1.063, 0.09]",0.577,-1.407,0.164,20.632,ngd+lm,12,164031341.486,0.130,0.000,-0.486,0,0,fp
k2,-1.347,"[-2.018, -0.675]",0.671,-3.346,0.001,20.632,ngd+lm,12,164031341.486,0.130,0.000,-1.347,0,1,fp
k3,1.047,"[0.324, 1.771]",0.723,2.415,0.018,20.632,ngd+lm,12,164031341.486,0.130,0.000,1.047,0,1,fp
k4,0.464,"[-0.154, 1.083]",0.619,1.252,0.215,20.632,ngd+lm,12,164031341.486,0.130,0.000,0.464,0,0,fp
k5,-0.973,"[-1.768, -0.178]",0.795,-2.042,0.045,20.632,ngd+lm,12,164031341.486,0.130,0.000,-0.973,0,1,fp
vot,0.177,,,,,20.632,ngd+lm,12,164031341.486,0.130,0.167,0.010,0,0,fn
tt,-1.412,"[-2.241, -0.583]",0.829,-2.841,0.006,10.404,ngd,13,206563539.678,0.151,-1.000,-0.412,0,0,fn
c,-7.796,"[-12.681, -2.912]",4.885,-2.662,0.010,10.404,ngd,13,206563539.678,0.151,-6.000,-1.796,0,0,fn
s,-3.211,"[-4.925, -1.496]",1.715,-3.123,0.003,10.404,ngd,13,206563539.678,0.151,-3.000,-0.211,0,0,fn
k0,0.772,"[-0.079, 1.622]",0.850,1.513,0.135,10.404,ngd,13,206563539.678,0.151,0.000,0.772,0,0,fp
k1,-0.770,"[-1.751, 0.212]",0.981,-1.308,0.195,10.404,ngd,13,206563539.678,0.151,0.000,-0.770,0,0,fp
k2,-0.194,"[-0.777, 0.389]",0.583,-0.555,0.581,10.404,ngd,13,206563539.678,0.151,0.000,-0.194,0,0,fp
k3,-0.224,"[-0.837, 0.39]",0.614,-0.607,0.546,10.404,ngd,13,206563539.678,0.151,0.000,-0.224,0,0,fp
k4,0.722,"[-0.309, 1.753]",1.031,1.168,0.247,10.404,ngd,13,206563539.678,0.151,0.000,0.722,0,0,fp
k5,-0.592,"[-1.291, 0.108]",0.700,-1.411,0.163,10.404,ngd,13,206563539.678,0.151,0.000,-0.592,0,0,fp
vot,0.181,,,,,10.404,ngd,13,206563539.678,0.151,0.167,0.014,0,0,fn
tt,-1.800,"[-3.55, -0.05]",1.750,-1.716,0.091,10.422,lm,13,664356024.361,0.271,-1.000,-0.800,0,0,fn
c,-7.109,"[-14.442, 0.223]",7.332,-1.617,0.111,10.422,lm,13,664356024.361,0.271,-6.000,-1.109,1,0,fn
s,-3.341,"[-6.708, 0.026]",3.367,-1.655,0.103,10.422,lm,13,664356024.361,0.271,-3.000,-0.341,1,0,fn
k0,1.849,"[-0.603, 4.301]",2.452,1.258,0.213,10.422,lm,13,664356024.361,0.271,0.000,1.849,0,0,fp
k1,-0.689,"[-2.075, 0.696]",1.386,-0.830,0.410,10.422,lm,13,664356024.361,0.271,0.000,-0.689,0,0,fp
k2,-1.996,"[-3.893, -0.099]",1.897,-1.755,0.084,10.422,lm,13,664356024.361,0.271,0.000,-1.996,0,1,fp
k3,-1.239,"[-3.767, 1.289]",2.528,-0.817,0.417,10.422,lm,13,664356024.361,0.271,0.000,-1.239,0,0,fp
k4,1.757,"[-1.213, 4.728]",2.971,0.987,0.327,10.422,lm,13,664356024.361,0.271,0.000,1.757,0,0,fp
k5,-0.113,"[-1.976, 1.751]",1.863,-0.101,0.920,10.422,lm,13,664356024.361,0.271,0.000,-0.113,0,0,fp
vot,0.253,,,,,10.422,lm,13,664356024.361,0.271,0.167,0.087,0,0,fn
tt,-0.917,"[-1.287, -0.546]",0.371,-4.124,0.000,20.934,ngd+lm,13,165784313.991,0.136,-1.000,0.083,0,0,fn
c,-5.040,"[-7.111, -2.969]",2.071,-4.059,0.000,20.934,ngd+lm,13,165784313.991,0.136,-6.000,0.960,0,0,fn
s,-2.499,"[-3.399, -1.599]",0.900,-4.630,0.000,20.934,ngd+lm,13,165784313.991,0.136,-3.000,0.501,0,0,fn
k0,0.207,"[-0.339, 0.753]",0.546,0.632,0.530,20.934,ngd+lm,13,165784313.991,0.136,0.000,0.207,0,0,fp
k1,-0.290,"[-0.813, 0.234]",0.523,-0.923,0.359,20.934,ngd+lm,13,165784313.991,0.136,0.000,-0.290,0,0,fp
k2,0.235,"[-0.138, 0.607]",0.373,1.050,0.297,20.934,ngd+lm,13,165784313.991,0.136,0.000,0.235,0,0,fp
k3,0.020,"[-0.388, 0.429]",0.408,0.082,0.935,20.934,ngd+lm,13,165784313.991,0.136,0.000,0.020,0,0,fp
k4,-0.003,"[-0.614, 0.608]",0.611,-0.008,0.994,20.934,ngd+lm,13,165784313.991,0.136,0.000,-0.003,0,0,fp
k5,0.017,"[-0.485, 0.52]",0.502,0.058,0.954,20.934,ngd+lm,13,165784313.991,0.136,0.000,0.017,0,0,fp
vot,0.182,,,,,20.934,ngd+lm,13,165784313.991,0.136,0.167,0.015,0,0,fn
tt,-0.682,"[-1.018, -0.347]",0.336,-3.390,0.001,11.349,ngd,14,351830095.989,0.193,-1.000,0.318,0,0,fn
c,-5.120,"[-7.473, -2.767]",2.353,-3.630,0.001,11.349,ngd,14,351830095.989,0.193,-6.000,0.880,0,0,fn
s,-1.863,"[-2.848, -0.879]",0.985,-3.156,0.002,11.349,ngd,14,351830095.989,0.193,-3.000,1.137,0,0,fn
k0,-0.533,"[-1.41, 0.345]",0.878,-1.012,0.315,11.349,ngd,14,351830095.989,0.193,0.000,-0.533,0,0,fp
k1,-0.337,"[-0.991, 0.317]",0.654,-0.860,0.393,11.349,ngd,14,351830095.989,0.193,0.000,-0.337,0,0,fp
k2,-2.033,"[-3.125, -0.941]",1.092,-3.106,0.003,11.349,ngd,14,351830095.989,0.193,0.000,-2.033,0,1,fp
k3,-0.481,"[-1.688, 0.727]",1.207,-0.664,0.509,11.349,ngd,14,351830095.989,0.193,0.000,-0.481,0,0,fp
k4,-1.178,"[-2.081, -0.274]",0.903,-2.174,0.033,11.349,ngd,14,351830095.989,0.193,0.000,-1.178,0,1,fp
k5,0.882,"[0.263, 1.5]",0.618,2.379,0.020,11.349,ngd,14,351830095.989,0.193,0.000,0.882,0,1,fp
vot,0.133,,,,,11.349,ngd,14,351830095.989,0.193,0.167,-0.033,0,0,fn
tt,-0.757,"[-0.978, -0.536]",0.221,-5.720,0.000,10.562,lm,14,158120229.182,0.129,-1.000,0.243,0,0,fn
c,-4.736,"[-6.064, -3.409]",1.327,-5.952,0.000,10.562,lm,14,158120229.182,0.129,-6.000,1.264,0,0,fn
s,-2.298,"[-3.029, -1.567]",0.731,-5.246,0.000,10.562,lm,14,158120229.182,0.129,-3.000,0.702,0,0,fn
k0,0.011,"[-0.416, 0.438]",0.427,0.043,0.966,10.562,lm,14,158120229.182,0.129,0.000,0.011,0,0,fp
k1,0.097,"[-0.255, 0.449]",0.352,0.460,0.647,10.562,lm,14,158120229.182,0.129,0.000,0.097,0,0,fp
k2,-0.125,"[-0.598, 0.349]",0.474,-0.439,0.662,10.562,lm,14,158120229.182,0.129,0.000,-0.125,0,0,fp
k3,0.047,"[-0.482, 0.577]",0.529,0.149,0.882,10.562,lm,14,158120229.182,0.129,0.000,0.047,0,0,fp
k4,0.004,"[-0.361, 0.37]",0.366,0.020,0.984,10.562,lm,14,158120229.182,0.129,0.000,0.004,0,0,fp
k5,0.128,"[-0.171, 0.427]",0.299,0.714,0.478,10.562,lm,14,158120229.182,0.129,0.000,0.128,0,0,fp
vot,0.160,,,,,10.562,lm,14,158120229.182,0.129,0.167,-0.007,0,0,fn
tt,-0.757,"[-0.978, -0.537]",0.221,-5.721,0.000,22.060,ngd+lm,14,158120217.704,0.129,-1.000,0.243,0,0,fn
c,-4.737,"[-6.065, -3.41]",1.327,-5.952,0.000,22.060,ngd+lm,14,158120217.704,0.129,-6.000,1.263,0,0,fn
s,-2.298,"[-3.029, -1.568]",0.731,-5.246,0.000,22.060,ngd+lm,14,158120217.704,0.129,-3.000,0.702,0,0,fn
k0,0.011,"[-0.416, 0.438]",0.427,0.043,0.966,22.060,ngd+lm,14,158120217.704,0.129,0.000,0.011,0,0,fp
k1,0.097,"[-0.255, 0.449]",0.352,0.461,0.647,22.060,ngd+lm,14,158120217.704,0.129,0.000,0.097,0,0,fp
k2,-0.124,"[-0.598, 0.349]",0.474,-0.438,0.663,22.060,ngd+lm,14,158120217.704,0.129,0.000,-0.124,0,0,fp
k3,0.047,"[-0.482, 0.577]",0.529,0.149,0.882,22.060,ngd+lm,14,158120217.704,0.129,0.000,0.047,0,0,fp
k4,0.005,"[-0.361, 0.371]",0.366,0.021,0.983,22.060,ngd+lm,14,158120217.704,0.129,0.000,0.005,0,0,fp
k5,0.128,"[-0.171, 0.427]",0.299,0.714,0.478,22.060,ngd+lm,14,158120217.704,0.129,0.000,0.128,0,0,fp
vot,0.160,,,,,22.060,ngd+lm,14,158120217.704,0.129,0.167,-0.007,0,0,fn
tt,-0.892,"[-1.539, -0.245]",0.647,-2.300,0.025,10.077,ngd,15,336506549.072,0.193,-1.000,0.108,0,0,fn
c,-6.278,"[-10.526, -2.031]",4.247,-2.465,0.016,10.077,ngd,15,336506549.072,0.193,-6.000,-0.278,0,0,fn
s,-3.761,"[-6.109, -1.413]",2.348,-2.672,0.009,10.077,ngd,15,336506549.072,0.193,-3.000,-0.761,0,0,fn
k0,-0.287,"[-1.262, 0.689]",0.975,-0.490,0.626,10.077,ngd,15,336506549.072,0.193,0.000,-0.287,0,0,fp
k1,-0.195,"[-1.119, 0.728]",0.923,-0.353,0.725,10.077,ngd,15,336506549.072,0.193,0.000,-0.195,0,0,fp
k2,0.827,"[-0.408, 2.062]",1.235,1.117,0.268,10.077,ngd,15,336506549.072,0.193,0.000,0.827,0,0,fp
k3,0.416,"[-0.534, 1.366]",0.950,0.731,0.467,10.077,ngd,15,336506549.072,0.193,0.000,0.416,0,0,fp
k4,-0.099,"[-0.871, 0.673]",0.772,-0.214,0.831,10.077,ngd,15,336506549.072,0.193,0.000,-0.099,0,0,fp
k5,-0.298,"[-1.346, 0.75]",1.048,-0.474,0.637,10.077,ngd,15,336506549.072,0.193,0.000,-0.298,0,0,fp
vot,0.142,,,,,10.077,ngd,15,336506549.072,0.193,0.167,-0.025,0,0,fn
tt,0.531,"[-0.658, 1.72]",1.189,0.745,0.459,10.378,lm,15,6009914394.395,0.814,-1.000,1.531,1,0,fn
c,-5.378,"[-16.025, 5.269]",10.647,-0.843,0.402,10.378,lm,15,6009914394.395,0.814,-6.000,0.622,1,0,fn
s,-4.560,"[-13.197, 4.077]",8.637,-0.881,0.382,10.378,lm,15,6009914394.395,0.814,-3.000,-1.560,1,0,fn
k0,-0.213,"[-2.664, 2.238]",2.451,-0.145,0.885,10.378,lm,15,6009914394.395,0.814,0.000,-0.213,0,0,fp
k1,0.484,"[-2.182, 3.15]",2.666,0.303,0.763,10.378,lm,15,6009914394.395,0.814,0.000,0.484,0,0,fp
k2,1.550,"[-3.176, 6.277]",4.727,0.547,0.586,10.378,lm,15,6009914394.395,0.814,0.000,1.550,0,0,fp
k3,1.375,"[-1.991, 4.741]",3.366,0.681,0.498,10.378,lm,15,6009914394.395,0.814,0.000,1.375,0,0,fp
k4,0.577,"[-2.713, 3.867]",3.290,0.293,0.771,10.378,lm,15,6009914394.395,0.814,0.000,0.577,0,0,fp
k5,-0.043,"[-3.84, 3.754]",3.797,-0.019,0.985,10.378,lm,15,6009914394.395,0.814,0.000,-0.043,0,0,fp
vot,-0.099,,,,,10.378,lm,15,6009914394.395,0.814,0.167,-0.265,0,0,fn
tt,-1.065,"[-1.422, -0.709]",0.357,-4.985,0.000,20.958,ngd+lm,15,167437569.160,0.136,-1.000,-0.065,0,0,fn
c,-6.338,"[-8.46, -4.215]",2.122,-4.980,0.000,20.958,ngd+lm,15,167437569.160,0.136,-6.000,-0.338,0,0,fn
s,-3.096,"[-4.119, -2.074]",1.022,-5.053,0.000,20.958,ngd+lm,15,167437569.160,0.136,-3.000,-0.096,0,0,fn
k0,0.524,"[-0.216, 1.263]",0.739,1.182,0.242,20.958,ngd+lm,15,167437569.160,0.136,0.000,0.524,0,0,fp
k1,-0.091,"[-0.717, 0.536]",0.626,-0.241,0.810,20.958,ngd+lm,15,167437569.160,0.136,0.000,-0.091,0,0,fp
k2,-0.043,"[-0.703, 0.617]",0.660,-0.109,0.914,20.958,ngd+lm,15,167437569.160,0.136,0.000,-0.043,0,0,fp
k3,-0.222,"[-0.791, 0.347]",0.569,-0.651,0.517,20.958,ngd+lm,15,167437569.160,0.136,0.000,-0.222,0,0,fp
k4,0.035,"[-0.526, 0.597]",0.562,0.104,0.917,20.958,ngd+lm,15,167437569.160,0.136,0.000,0.035,0,0,fp
k5,0.086,"[-0.638, 0.811]",0.724,0.198,0.843,20.958,ngd+lm,15,167437569.160,0.136,0.000,0.086,0,0,fp
vot,0.168,,,,,20.958,ngd+lm,15,167437569.160,0.136,0.167,0.001,0,0,fn
tt,-0.529,"[-0.765, -0.293]",0.236,-3.741,0.000,9.802,ngd,16,248855248.257,0.157,-1.000,0.471,0,0,fn
c,-5.417,"[-7.48, -3.354]",2.063,-4.379,0.000,9.802,ngd,16,248855248.257,0.157,-6.000,0.583,0,0,fn
s,-2.466,"[-3.536, -1.395]",1.070,-3.842,0.000,9.802,ngd,16,248855248.257,0.157,-3.000,0.534,0,0,fn
k0,-0.215,"[-0.826, 0.397]",0.612,-0.585,0.560,9.802,ngd,16,248855248.257,0.157,0.000,-0.215,0,0,fp
k1,0.146,"[-0.584, 0.876]",0.730,0.334,0.740,9.802,ngd,16,248855248.257,0.157,0.000,0.146,0,0,fp
k2,-0.878,"[-1.379, -0.376]",0.502,-2.918,0.005,9.802,ngd,16,248855248.257,0.157,0.000,-0.878,0,1,fp
k3,-0.424,"[-1.101, 0.253]",0.677,-1.045,0.300,9.802,ngd,16,248855248.257,0.157,0.000,-0.424,0,0,fp
k4,0.964,"[0.069, 1.859]",0.895,1.796,0.077,9.802,ngd,16,248855248.257,0.157,0.000,0.964,0,1,fp
k5,-0.529,"[-0.984, -0.074]",0.455,-1.940,0.057,9.802,ngd,16,248855248.257,0.157,0.000,-0.529,0,1,fp
vot,0.098,,,,,9.802,ngd,16,248855248.257,0.157,0.167,-0.069,0,0,fn
tt,0.368,"[-0.125, 0.861]",0.493,1.244,0.218,10.478,lm,16,2137552440.452,0.461,-1.000,1.368,1,0,fn
c,-5.379,"[-12.857, 2.1]",7.478,-1.200,0.235,10.478,lm,16,2137552440.452,0.461,-6.000,0.621,1,0,fn
s,-1.445,"[-3.461, 0.57]",2.016,-1.196,0.236,10.478,lm,16,2137552440.452,0.461,-3.000,1.555,1,0,fn
k0,-0.994,"[-2.989, 1.002]",1.995,-0.830,0.409,10.478,lm,16,2137552440.452,0.461,0.000,-0.994,0,0,fp
k1,0.472,"[-1.612, 2.557]",2.084,0.378,0.707,10.478,lm,16,2137552440.452,0.461,0.000,0.472,0,0,fp
k2,-1.374,"[-3.868, 1.12]",2.494,-0.919,0.362,10.478,lm,16,2137552440.452,0.461,0.000,-1.374,0,0,fp
k3,-1.053,"[-3.527, 1.421]",2.474,-0.710,0.480,10.478,lm,16,2137552440.452,0.461,0.000,-1.053,0,0,fp
k4,0.996,"[-1.377, 3.37]",2.373,0.700,0.486,10.478,lm,16,2137552440.452,0.461,0.000,0.996,0,0,fp
k5,0.344,"[-1.078, 1.767]",1.423,0.404,0.688,10.478,lm,16,2137552440.452,0.461,0.000,0.344,0,0,fp
vot,-0.068,,,,,10.478,lm,16,2137552440.452,0.461,0.167,-0.235,0,0,fn
tt,-1.084,"[-1.404, -0.765]",0.319,-5.666,0.000,20.138,ngd+lm,16,149074510.993,0.122,-1.000,-0.084,0,0,fn
c,-7.131,"[-9.113, -5.148]",1.982,-5.999,0.000,20.138,ngd+lm,16,149074510.993,0.122,-6.000,-1.131,0,0,fn
s,-3.179,"[-4.135, -2.223]",0.956,-5.546,0.000,20.138,ngd+lm,16,149074510.993,0.122,-3.000,-0.179,0,0,fn
k0,0.170,"[-0.343, 0.684]",0.513,0.554,0.581,20.138,ngd+lm,16,149074510.993,0.122,0.000,0.170,0,0,fp
k1,0.273,"[-0.348, 0.893]",0.620,0.734,0.466,20.138,ngd+lm,16,149074510.993,0.122,0.000,0.273,0,0,fp
k2,-0.296,"[-0.691, 0.099]",0.395,-1.252,0.215,20.138,ngd+lm,16,149074510.993,0.122,0.000,-0.296,0,0,fp
k3,0.154,"[-0.384, 0.693]",0.539,0.477,0.635,20.138,ngd+lm,16,149074510.993,0.122,0.000,0.154,0,0,fp
k4,0.660,"[-0.028, 1.348]",0.688,1.601,0.114,20.138,ngd+lm,16,149074510.993,0.122,0.000,0.660,0,0,fp
k5,-0.203,"[-0.591, 0.184]",0.387,-0.874,0.385,20.138,ngd+lm,16,149074510.993,0.122,0.000,-0.203,0,0,fp
vot,0.152,,,,,20.138,ngd+lm,16,149074510.993,0.122,0.167,-0.015,0,0,fn
tt,-1.097,"[-1.598, -0.596]",0.501,-3.650,0.001,9.784,ngd,17,263439964.875,0.168,-1.000,-0.097,0,0,fn
c,-6.862,"[-10.095, -3.629]",3.233,-3.540,0.001,9.784,ngd,17,263439964.875,0.168,-6.000,-0.862,0,0,fn
s,-3.236,"[-4.668, -1.805]",1.432,-3.770,0.000,9.784,ngd,17,263439964.875,0.168,-3.000,-0.236,0,0,fn
k0,-0.379,"[-1.52, 0.763]",1.142,-0.553,0.582,9.784,ngd,17,263439964.875,0.168,0.000,-0.379,0,0,fp
k1,0.591,"[-0.106, 1.289]",0.697,1.414,0.162,9.784,ngd,17,263439964.875,0.168,0.000,0.591,0,0,fp
k2,1.445,"[0.354, 2.536]",1.091,2.208,0.031,9.784,ngd,17,263439964.875,0.168,0.000,1.445,0,1,fp
k3,0.122,"[-0.586, 0.83]",0.708,0.288,0.774,9.784,ngd,17,263439964.875,0.168,0.000,0.122,0,0,fp
k4,-0.755,"[-1.61, 0.1]",0.855,-1.473,0.145,9.784,ngd,17,263439964.875,0.168,0.000,-0.755,0,0,fp
k5,-0.404,"[-1.332, 0.523]",0.927,-0.727,0.470,9.784,ngd,17,263439964.875,0.168,0.000,-0.404,0,0,fp
vot,0.160,,,,,9.784,ngd,17,263439964.875,0.168,0.167,-0.007,0,0,fn
tt,-2.902,"[-6.486, 0.682]",3.584,-1.351,0.181,10.572,lm,17,1281189802.334,0.370,-1.000,-1.902,1,0,fn
c,-6.470,"[-14.458, 1.517]",7.987,-1.351,0.181,10.572,lm,17,1281189802.334,0.370,-6.000,-0.470,1,0,fn
s,-2.558,"[-5.826, 0.71]",3.268,-1.306,0.196,10.572,lm,17,1281189802.334,0.370,-3.000,0.442,1,0,fn
k0,-0.337,"[-3.967, 3.294]",3.631,-0.155,0.877,10.572,lm,17,1281189802.334,0.370,0.000,-0.337,0,0,fp
k1,0.982,"[-1.805, 3.769]",2.787,0.587,0.559,10.572,lm,17,1281189802.334,0.370,0.000,0.982,0,0,fp
k2,1.587,"[-1.716, 4.89]",3.303,0.801,0.426,10.572,lm,17,1281189802.334,0.370,0.000,1.587,0,0,fp
k3,-0.089,"[-3.048, 2.87]",2.959,-0.050,0.960,10.572,lm,17,1281189802.334,0.370,0.000,-0.089,0,0,fp
k4,-0.506,"[-3.688, 2.675]",3.182,-0.265,0.791,10.572,lm,17,1281189802.334,0.370,0.000,-0.506,0,0,fp
k5,-0.683,"[-3.834, 2.469]",3.151,-0.361,0.719,10.572,lm,17,1281189802.334,0.370,0.000,-0.683,0,0,fp
vot,0.449,,,,,10.572,lm,17,1281189802.334,0.370,0.167,0.282,0,0,fn
tt,-0.838,"[-1.052, -0.624]",0.214,-6.531,0.000,20.101,ngd+lm,17,138198502.733,0.121,-1.000,0.162,0,0,fn
c,-4.556,"[-5.781, -3.332]",1.225,-6.206,0.000,20.101,ngd+lm,17,138198502.733,0.121,-6.000,1.444,0,0,fn
s,-2.551,"[-3.244, -1.859]",0.692,-6.147,0.000,20.101,ngd+lm,17,138198502.733,0.121,-3.000,0.449,0,0,fn
k0,0.577,"[-0.068, 1.222]",0.645,1.492,0.140,20.101,ngd+lm,17,138198502.733,0.121,0.000,0.577,0,0,fp
k1,-0.222,"[-0.626, 0.181]",0.404,-0.918,0.362,20.101,ngd+lm,17,138198502.733,0.121,0.000,-0.222,0,0,fp
k2,0.309,"[-0.223, 0.841]",0.532,0.969,0.336,20.101,ngd+lm,17,138198502.733,0.121,0.000,0.309,0,0,fp
k3,0.202,"[-0.162, 0.567]",0.364,0.927,0.357,20.101,ngd+lm,17,138198502.733,0.121,0.000,0.202,0,0,fp
k4,0.507,"[0.065, 0.948]",0.441,1.914,0.060,20.101,ngd+lm,17,138198502.733,0.121,0.000,0.507,0,1,fp
k5,0.254,"[-0.174, 0.682]",0.428,0.991,0.325,20.101,ngd+lm,17,138198502.733,0.121,0.000,0.254,0,0,fp
vot,0.184,,,,,20.101,ngd+lm,17,138198502.733,0.121,0.167,0.017,0,0,fn
tt,-0.409,"[-0.628, -0.191]",0.219,-3.119,0.003,10.006,ngd,18,351852085.118,0.192,-1.000,0.591,0,0,fn
c,-4.174,"[-6.076, -2.272]",1.902,-3.661,0.000,10.006,ngd,18,351852085.118,0.192,-6.000,1.826,0,0,fn
s,-2.437,"[-3.583, -1.291]",1.146,-3.547,0.001,10.006,ngd,18,351852085.118,0.192,-3.000,0.563,0,0,fn
k0,-0.548,"[-1.398, 0.302]",0.850,-1.076,0.286,10.006,ngd,18,351852085.118,0.192,0.000,-0.548,0,0,fp
k1,-1.099,"[-1.904, -0.295]",0.805,-2.279,0.026,10.006,ngd,18,351852085.118,0.192,0.000,-1.099,0,1,fp
k2,-0.106,"[-0.607, 0.395]",0.501,-0.353,0.726,10.006,ngd,18,351852085.118,0.192,0.000,-0.106,0,0,fp
k3,0.134,"[-0.462, 0.731]",0.596,0.376,0.708,10.006,ngd,18,351852085.118,0.192,0.000,0.134,0,0,fp
k4,0.704,"[-0.059, 1.466]",0.762,1.540,0.128,10.006,ngd,18,351852085.118,0.192,0.000,0.704,0,0,fp
k5,-0.132,"[-0.692, 0.428]",0.560,-0.394,0.695,10.006,ngd,18,351852085.118,0.192,0.000,-0.132,0,0,fp
vot,0.098,,,,,10.006,ngd,18,351852085.118,0.192,0.167,-0.069,0,0,fn
tt,0.013,"[-0.277, 0.303]",0.290,0.074,0.941,10.432,lm,18,1493468968.579,0.395,-1.000,1.013,1,0,fn
c,-4.043,"[-8.179, 0.094]",4.136,-1.630,0.108,10.432,lm,18,1493468968.579,0.395,-6.000,1.957,1,0,fn
s,-1.486,"[-3.465, 0.493]",1.979,-1.252,0.215,10.432,lm,18,1493468968.579,0.395,-3.000,1.514,1,0,fn
k0,-1.204,"[-3.49, 1.081]",2.285,-0.879,0.383,10.432,lm,18,1493468968.579,0.395,0.000,-1.204,0,0,fp
k1,-1.865,"[-4.583, 0.853]",2.718,-1.144,0.257,10.432,lm,18,1493468968.579,0.395,0.000,-1.865,0,0,fp
k2,-0.320,"[-1.665, 1.025]",1.345,-0.397,0.693,10.432,lm,18,1493468968.579,0.395,0.000,-0.320,0,0,fp
k3,-0.672,"[-2.261, 0.917]",1.589,-0.705,0.483,10.432,lm,18,1493468968.579,0.395,0.000,-0.672,0,0,fp
k4,1.394,"[-0.761, 3.55]",2.156,1.079,0.285,10.432,lm,18,1493468968.579,0.395,0.000,1.394,0,0,fp
k5,-0.721,"[-2.357, 0.915]",1.636,-0.735,0.465,10.432,lm,18,1493468968.579,0.395,0.000,-0.721,0,0,fp
vot,-0.003,,,,,10.432,lm,18,1493468968.579,0.395,0.167,-0.170,0,0,fn
tt,-0.908,"[-1.316, -0.499]",0.408,-3.707,0.000,20.256,ngd+lm,18,134953207.237,0.119,-1.000,0.092,0,0,fn
c,-5.537,"[-7.767, -3.307]",2.230,-4.141,0.000,20.256,ngd+lm,18,134953207.237,0.119,-6.000,0.463,0,0,fn
s,-2.829,"[-4.036, -1.622]",1.207,-3.910,0.000,20.256,ngd+lm,18,134953207.237,0.119,-3.000,0.171,0,0,fn
k0,-0.215,"[-0.753, 0.324]",0.539,-0.665,0.508,20.256,ngd+lm,18,134953207.237,0.119,0.000,-0.215,0,0,fp
k1,0.544,"[0.022, 1.065]",0.522,1.738,0.087,20.256,ngd+lm,18,134953207.237,0.119,0.000,0.544,0,1,fp
k2,0.024,"[-0.396, 0.444]",0.420,0.097,0.923,20.256,ngd+lm,18,134953207.237,0.119,0.000,0.024,0,0,fp
k3,-0.142,"[-0.594, 0.311]",0.452,-0.522,0.603,20.256,ngd+lm,18,134953207.237,0.119,0.000,-0.142,0,0,fp
k4,0.011,"[-0.435, 0.458]",0.447,0.043,0.966,20.256,ngd+lm,18,134953207.237,0.119,0.000,0.011,0,0,fp
k5,-0.053,"[-0.408, 0.302]",0.355,-0.249,0.804,20.256,ngd+lm,18,134953207.237,0.119,0.000,-0.053,0,0,fp
vot,0.164,,,,,20.256,ngd+lm,18,134953207.237,0.119,0.167,-0.003,0,0,fn
tt,-1.005,"[-1.636, -0.375]",0.631,-2.659,0.010,9.976,ngd,19,436579413.235,0.217,-1.000,-0.005,0,0,fn
c,-6.292,"[-9.894, -2.69]",3.602,-2.914,0.005,9.976,ngd,19,436579413.235,0.217,-6.000,-0.292,0,0,fn
s,-4.614,"[-7.638, -1.589]",3.025,-2.544,0.013,9.976,ngd,19,436579413.235,0.217,-3.000,-1.614,0,0,fn
k0,1.652,"[-0.152, 3.457]",1.804,1.527,0.131,9.976,ngd,19,436579413.235,0.217,0.000,1.652,0,0,fp
k1,0.766,"[-0.427, 1.959]",1.193,1.071,0.288,9.976,ngd,19,436579413.235,0.217,0.000,0.766,0,0,fp
k2,0.479,"[-0.409, 1.367]",0.888,0.900,0.371,9.976,ngd,19,436579413.235,0.217,0.000,0.479,0,0,fp
k3,-1.530,"[-3.199, 0.139]",1.669,-1.529,0.131,9.976,ngd,19,436579413.235,0.217,0.000,-1.530,0,0,fp
k4,0.643,"[-0.835, 2.121]",1.478,0.726,0.471,9.976,ngd,19,436579413.235,0.217,0.000,0.643,0,0,fp
k5,-0.750,"[-1.773, 0.274]",1.024,-1.221,0.226,9.976,ngd,19,436579413.235,0.217,0.000,-0.750,0,0,fp
vot,0.160,,,,,9.976,ngd,19,436579413.235,0.217,0.167,-0.007,0,0,fn
tt,-1.305,"[-1.781, -0.83]",0.475,-4.578,0.000,10.270,lm,19,195583584.530,0.145,-1.000,-0.305,0,0,fn
c,-8.263,"[-11.124, -5.402]",2.861,-4.818,0.000,10.270,lm,19,195583584.530,0.145,-6.000,-2.263,0,0,fn
s,-4.224,"[-5.731, -2.717]",1.507,-4.675,0.000,10.270,lm,19,195583584.530,0.145,-3.000,-1.224,0,0,fn
k0,1.822,"[0.324, 3.32]",1.498,2.029,0.046,10.270,lm,19,195583584.530,0.145,0.000,1.822,0,1,fp
k1,-1.338,"[-2.336, -0.34]",0.998,-2.236,0.029,10.270,lm,19,195583584.530,0.145,0.000,-1.338,0,1,fp
k2,0.227,"[-0.292, 0.746]",0.519,0.730,0.468,10.270,lm,19,195583584.530,0.145,0.000,0.227,0,0,fp
k3,0.822,"[0.124, 1.52]",0.698,1.964,0.054,10.270,lm,19,195583584.530,0.145,0.000,0.822,0,1,fp
k4,-1.059,"[-2.022, -0.097]",0.962,-1.836,0.071,10.270,lm,19,195583584.530,0.145,0.000,-1.059,0,1,fp
k5,-0.313,"[-0.88, 0.253]",0.566,-0.923,0.359,10.270,lm,19,195583584.530,0.145,0.000,-0.313,0,0,fp
vot,0.158,,,,,10.270,lm,19,195583584.530,0.145,0.167,-0.009,0,0,fn
tt,-1.305,"[-1.781, -0.83]",0.475,-4.579,0.000,20.611,ngd+lm,19,195583586.371,0.145,-1.000,-0.305,0,0,fn
c,-8.263,"[-11.123, -5.402]",2.860,-4.818,0.000,20.611,ngd+lm,19,195583586.371,0.145,-6.000,-2.263,0,0,fn
s,-4.224,"[-5.731, -2.717]",1.507,-4.675,0.000,20.611,ngd+lm,19,195583586.371,0.145,-3.000,-1.224,0,0,fn
k0,1.822,"[0.324, 3.32]",1.498,2.029,0.046,20.611,ngd+lm,19,195583586.371,0.145,0.000,1.822,0,1,fp
k1,-1.338,"[-2.335, -0.34]",0.998,-2.236,0.029,20.611,ngd+lm,19,195583586.371,0.145,0.000,-1.338,0,1,fp
k2,0.227,"[-0.292, 0.746]",0.519,0.730,0.468,20.611,ngd+lm,19,195583586.371,0.145,0.000,0.227,0,0,fp
k3,0.822,"[0.124, 1.52]",0.698,1.964,0.054,20.611,ngd+lm,19,195583586.371,0.145,0.000,0.822,0,1,fp
k4,-1.059,"[-2.022, -0.097]",0.962,-1.836,0.071,20.611,ngd+lm,19,195583586.371,0.145,0.000,-1.059,0,1,fp
k5,-0.313,"[-0.88, 0.253]",0.566,-0.923,0.359,20.611,ngd+lm,19,195583586.371,0.145,0.000,-0.313,0,0,fp
vot,0.158,,,,,20.611,ngd+lm,19,195583586.371,0.145,0.167,-0.009,0,0,fn
tt,-1.402,"[-2.218, -0.586]",0.816,-2.867,0.006,10.088,ngd,20,366157089.482,0.194,-1.000,-0.402,0,0,fn
c,-6.513,"[-10.176, -2.849]",3.663,-2.965,0.004,10.088,ngd,20,366157089.482,0.194,-6.000,-0.513,0,0,fn
s,-2.812,"[-4.571, -1.053]",1.759,-2.666,0.010,10.088,ngd,20,366157089.482,0.194,-3.000,0.188,0,0,fn
k0,-0.127,"[-1.091, 0.836]",0.963,-0.221,0.826,10.088,ngd,20,366157089.482,0.194,0.000,-0.127,0,0,fp
k1,0.985,"[-0.134, 2.104]",1.119,1.469,0.147,10.088,ngd,20,366157089.482,0.194,0.000,0.985,0,0,fp
k2,-1.134,"[-2.32, 0.052]",1.186,-1.594,0.116,10.088,ngd,20,366157089.482,0.194,0.000,-1.134,0,0,fp
k3,-1.434,"[-3.024, 0.155]",1.590,-1.505,0.137,10.088,ngd,20,366157089.482,0.194,0.000,-1.434,0,0,fp
k4,1.002,"[0.117, 1.887]",0.885,1.889,0.063,10.088,ngd,20,366157089.482,0.194,0.000,1.002,0,1,fp
k5,0.828,"[-0.166, 1.822]",0.994,1.390,0.169,10.088,ngd,20,366157089.482,0.194,0.000,0.828,0,0,fp
vot,0.215,,,,,10.088,ngd,20,366157089.482,0.194,0.167,0.049,0,0,fn
tt,-0.758,"[-0.925, -0.591]",0.167,-7.561,0.000,10.348,lm,20,112027982.027,0.107,-1.000,0.242,0,0,fn
c,-4.102,"[-4.919, -3.285]",0.817,-8.375,0.000,10.348,lm,20,112027982.027,0.107,-6.000,1.898,0,0,fn
s,-1.937,"[-2.382, -1.492]",0.445,-7.262,0.000,10.348,lm,20,112027982.027,0.107,-3.000,1.063,0,0,fn
k0,-0.428,"[-0.791, -0.066]",0.362,-1.970,0.053,10.348,lm,20,112027982.027,0.107,0.000,-0.428,0,1,fp
k1,0.130,"[-0.204, 0.465]",0.334,0.650,0.518,10.348,lm,20,112027982.027,0.107,0.000,0.130,0,0,fp
k2,-0.336,"[-0.705, 0.034]",0.369,-1.515,0.134,10.348,lm,20,112027982.027,0.107,0.000,-0.336,0,0,fp
k3,0.517,"[0.246, 0.788]",0.271,3.180,0.002,10.348,lm,20,112027982.027,0.107,0.000,0.517,0,1,fp
k4,-0.060,"[-0.306, 0.187]",0.247,-0.403,0.688,10.348,lm,20,112027982.027,0.107,0.000,-0.060,0,0,fp
k5,-0.089,"[-0.37, 0.192]",0.281,-0.528,0.599,10.348,lm,20,112027982.027,0.107,0.000,-0.089,0,0,fp
vot,0.185,,,,,10.348,lm,20,112027982.027,0.107,0.167,0.018,0,0,fn
tt,-0.758,"[-0.925, -0.591]",0.167,-7.561,0.000,20.345,ngd+lm,20,112027981.925,0.107,-1.000,0.242,0,0,fn
c,-4.102,"[-4.919, -3.285]",0.817,-8.375,0.000,20.345,ngd+lm,20,112027981.925,0.107,-6.000,1.898,0,0,fn
s,-1.937,"[-2.382, -1.492]",0.445,-7.262,0.000,20.345,ngd+lm,20,112027981.925,0.107,-3.000,1.063,0,0,fn
k0,-0.428,"[-0.791, -0.066]",0.362,-1.970,0.053,20.345,ngd+lm,20,112027981.925,0.107,0.000,-0.428,0,1,fp
k1,0.130,"[-0.204, 0.465]",0.334,0.650,0.518,20.345,ngd+lm,20,112027981.925,0.107,0.000,0.130,0,0,fp
k2,-0.336,"[-0.705, 0.034]",0.369,-1.515,0.134,20.345,ngd+lm,20,112027981.925,0.107,0.000,-0.336,0,0,fp
k3,0.517,"[0.246, 0.788]",0.271,3.180,0.002,20.345,ngd+lm,20,112027981.925,0.107,0.000,0.517,0,1,fp
k4,-0.060,"[-0.306, 0.187]",0.247,-0.403,0.688,20.345,ngd+lm,20,112027981.925,0.107,0.000,-0.060,0,0,fp
k5,-0.089,"[-0.37, 0.192]",0.281,-0.528,0.599,20.345,ngd+lm,20,112027981.925,0.107,0.000,-0.089,0,0,fp
vot,0.185,,,,,20.345,ngd+lm,20,112027981.925,0.107,0.167,0.018,0,0,fn
tt,-1.478,"[-2.478, -0.478]",1.000,-2.465,0.016,10.034,ngd,21,224752497.517,0.152,-1.000,-0.478,0,0,fn
c,-7.569,"[-12.768, -2.37]",5.199,-2.428,0.018,10.034,ngd,21,224752497.517,0.152,-6.000,-1.569,0,0,fn
s,-4.509,"[-7.82, -1.198]",3.311,-2.271,0.026,10.034,ngd,21,224752497.517,0.152,-3.000,-1.509,0,0,fn
k0,-0.588,"[-1.706, 0.53]",1.118,-0.877,0.384,10.034,ngd,21,224752497.517,0.152,0.000,-0.588,0,0,fp
k1,0.720,"[-0.347, 1.787]",1.067,1.126,0.264,10.034,ngd,21,224752497.517,0.152,0.000,0.720,0,0,fp
k2,0.008,"[-0.609, 0.626]",0.617,0.023,0.982,10.034,ngd,21,224752497.517,0.152,0.000,0.008,0,0,fp
k3,-0.421,"[-1.277, 0.435]",0.856,-0.820,0.415,10.034,ngd,21,224752497.517,0.152,0.000,-0.421,0,0,fp
k4,0.226,"[-0.96, 1.412]",1.186,0.317,0.752,10.034,ngd,21,224752497.517,0.152,0.000,0.226,0,0,fp
k5,0.677,"[-0.143, 1.497]",0.820,1.376,0.173,10.034,ngd,21,224752497.517,0.152,0.000,0.677,0,0,fp
vot,0.195,,,,,10.034,ngd,21,224752497.517,0.152,0.167,0.029,0,0,fn
tt,-0.906,"[-1.364, -0.448]",0.458,-3.298,0.002,10.295,lm,21,161791525.595,0.129,-1.000,0.094,0,0,fn
c,-5.205,"[-7.686, -2.724]",2.481,-3.500,0.001,10.295,lm,21,161791525.595,0.129,-6.000,0.795,0,0,fn
s,-2.559,"[-3.91, -1.207]",1.352,-3.157,0.002,10.295,lm,21,161791525.595,0.129,-3.000,0.441,0,0,fn
k0,-0.532,"[-1.291, 0.228]",0.759,-1.168,0.247,10.295,lm,21,161791525.595,0.129,0.000,-0.532,0,0,fp
k1,-0.075,"[-0.606, 0.455]",0.531,-0.236,0.814,10.295,lm,21,161791525.595,0.129,0.000,-0.075,0,0,fp
k2,0.103,"[-0.309, 0.515]",0.412,0.417,0.678,10.295,lm,21,161791525.595,0.129,0.000,0.103,0,0,fp
k3,0.422,"[-0.173, 1.016]",0.595,1.182,0.241,10.295,lm,21,161791525.595,0.129,0.000,0.422,0,0,fp
k4,-0.229,"[-0.87, 0.411]",0.641,-0.597,0.553,10.295,lm,21,161791525.595,0.129,0.000,-0.229,0,0,fp
k5,-0.017,"[-0.463, 0.429]",0.446,-0.063,0.950,10.295,lm,21,161791525.595,0.129,0.000,-0.017,0,0,fp
vot,0.174,,,,,10.295,lm,21,161791525.595,0.129,0.167,0.007,0,0,fn
tt,-0.907,"[-1.366, -0.448]",0.459,-3.296,0.002,20.219,ngd+lm,21,161791440.131,0.129,-1.000,0.093,0,0,fn
c,-5.211,"[-7.697, -2.725]",2.486,-3.496,0.001,20.219,ngd+lm,21,161791440.131,0.129,-6.000,0.789,0,0,fn
s,-2.562,"[-3.917, -1.207]",1.355,-3.154,0.002,20.219,ngd+lm,21,161791440.131,0.129,-3.000,0.438,0,0,fn
k0,-0.534,"[-1.295, 0.227]",0.761,-1.171,0.246,20.219,ngd+lm,21,161791440.131,0.129,0.000,-0.534,0,0,fp
k1,-0.075,"[-0.606, 0.456]",0.531,-0.235,0.815,20.219,ngd+lm,21,161791440.131,0.129,0.000,-0.075,0,0,fp
k2,0.103,"[-0.309, 0.516]",0.413,0.417,0.678,20.219,ngd+lm,21,161791440.131,0.129,0.000,0.103,0,0,fp
k3,0.421,"[-0.174, 1.016]",0.595,1.179,0.242,20.219,ngd+lm,21,161791440.131,0.129,0.000,0.421,0,0,fp
k4,-0.230,"[-0.871, 0.412]",0.641,-0.598,0.552,20.219,ngd+lm,21,161791440.131,0.129,0.000,-0.230,0,0,fp
k5,-0.017,"[-0.464, 0.43]",0.447,-0.064,0.949,20.219,ngd+lm,21,161791440.131,0.129,0.000,-0.017,0,0,fp
vot,0.174,,,,,20.219,ngd+lm,21,161791440.131,0.129,0.167,0.007,0,0,fn
tt,-1.026,"[-1.562, -0.489]",0.537,-3.187,0.002,10.067,ngd,22,217737477.125,0.155,-1.000,-0.026,0,0,fn
c,-7.249,"[-10.719, -3.778]",3.471,-3.483,0.001,10.067,ngd,22,217737477.125,0.155,-6.000,-1.249,0,0,fn
s,-3.334,"[-5.015, -1.653]",1.681,-3.308,0.002,10.067,ngd,22,217737477.125,0.155,-3.000,-0.334,0,0,fn
k0,-0.537,"[-1.055, -0.019]",0.518,-1.728,0.089,10.067,ngd,22,217737477.125,0.155,0.000,-0.537,0,1,fp
k1,0.360,"[-0.338, 1.058]",0.698,0.860,0.393,10.067,ngd,22,217737477.125,0.155,0.000,0.360,0,0,fp
k2,0.638,"[-0.16, 1.436]",0.798,1.334,0.187,10.067,ngd,22,217737477.125,0.155,0.000,0.638,0,0,fp
k3,0.873,"[-0.149, 1.895]",1.022,1.425,0.159,10.067,ngd,22,217737477.125,0.155,0.000,0.873,0,0,fp
k4,0.163,"[-0.387, 0.713]",0.550,0.494,0.623,10.067,ngd,22,217737477.125,0.155,0.000,0.163,0,0,fp
k5,0.694,"[-0.211, 1.599]",0.905,1.279,0.205,10.067,ngd,22,217737477.125,0.155,0.000,0.694,0,0,fp
vot,0.141,,,,,10.067,ngd,22,217737477.125,0.155,0.167,-0.025,0,0,fn
tt,-1.139,"[-1.55, -0.729]",0.411,-4.628,0.000,10.596,lm,22,133376030.097,0.121,-1.000,-0.139,0,0,fn
c,-6.355,"[-8.675, -4.036]",2.320,-4.570,0.000,10.596,lm,22,133376030.097,0.121,-6.000,-0.355,0,0,fn
s,-3.309,"[-4.545, -2.073]",1.236,-4.466,0.000,10.596,lm,22,133376030.097,0.121,-3.000,-0.309,0,0,fn
k0,-0.160,"[-0.48, 0.161]",0.321,-0.830,0.410,10.596,lm,22,133376030.097,0.121,0.000,-0.160,0,0,fp
k1,0.072,"[-0.391, 0.534]",0.462,0.258,0.797,10.596,lm,22,133376030.097,0.121,0.000,0.072,0,0,fp
k2,0.337,"[-0.244, 0.918]",0.581,0.967,0.337,10.596,lm,22,133376030.097,0.121,0.000,0.337,0,0,fp
k3,0.284,"[-0.393, 0.962]",0.677,0.700,0.486,10.596,lm,22,133376030.097,0.121,0.000,0.284,0,0,fp
k4,0.399,"[-0.008, 0.806]",0.407,1.634,0.107,10.596,lm,22,133376030.097,0.121,0.000,0.399,0,0,fp
k5,-0.461,"[-1.117, 0.195]",0.656,-1.172,0.245,10.596,lm,22,133376030.097,0.121,0.000,-0.461,0,0,fp
vot,0.179,,,,,10.596,lm,22,133376030.097,0.121,0.167,0.013,0,0,fn
tt,-1.140,"[-1.55, -0.729]",0.411,-4.628,0.000,20.450,ngd+lm,22,133376028.946,0.121,-1.000,-0.140,0,0,fn
c,-6.356,"[-8.676, -4.036]",2.320,-4.569,0.000,20.450,ngd+lm,22,133376028.946,0.121,-6.000,-0.356,0,0,fn
s,-3.310,"[-4.546, -2.073]",1.236,-4.466,0.000,20.450,ngd+lm,22,133376028.946,0.121,-3.000,-0.310,0,0,fn
k0,-0.160,"[-0.48, 0.161]",0.321,-0.830,0.410,20.450,ngd+lm,22,133376028.946,0.121,0.000,-0.160,0,0,fp
k1,0.072,"[-0.391, 0.534]",0.462,0.258,0.797,20.450,ngd+lm,22,133376028.946,0.121,0.000,0.072,0,0,fp
k2,0.337,"[-0.244, 0.918]",0.581,0.967,0.337,20.450,ngd+lm,22,133376028.946,0.121,0.000,0.337,0,0,fp
k3,0.284,"[-0.393, 0.962]",0.677,0.700,0.486,20.450,ngd+lm,22,133376028.946,0.121,0.000,0.284,0,0,fp
k4,0.399,"[-0.008, 0.806]",0.407,1.634,0.107,20.450,ngd+lm,22,133376028.946,0.121,0.000,0.399,0,0,fp
k5,-0.461,"[-1.117, 0.195]",0.656,-1.172,0.245,20.450,ngd+lm,22,133376028.946,0.121,0.000,-0.461,0,0,fp
vot,0.179,,,,,20.450,ngd+lm,22,133376028.946,0.121,0.167,0.013,0,0,fn
tt,-1.311,"[-2.035, -0.588]",0.723,-3.024,0.004,9.878,ngd,23,331580049.665,0.178,-1.000,-0.311,0,0,fn
c,-5.453,"[-8.895, -2.012]",3.442,-2.643,0.010,9.878,ngd,23,331580049.665,0.178,-6.000,0.547,0,0,fn
s,-3.937,"[-6.102, -1.773]",2.165,-3.034,0.003,9.878,ngd,23,331580049.665,0.178,-3.000,-0.937,0,0,fn
k0,-0.299,"[-1.293, 0.695]",0.994,-0.501,0.618,9.878,ngd,23,331580049.665,0.178,0.000,-0.299,0,0,fp
k1,0.988,"[0.053, 1.923]",0.935,1.763,0.082,9.878,ngd,23,331580049.665,0.178,0.000,0.988,0,1,fp
k2,-1.105,"[-2.114, -0.097]",1.008,-1.828,0.072,9.878,ngd,23,331580049.665,0.178,0.000,-1.105,0,1,fp
k3,0.617,"[-0.381, 1.615]",0.998,1.031,0.306,9.878,ngd,23,331580049.665,0.178,0.000,0.617,0,0,fp
k4,0.023,"[-0.882, 0.928]",0.905,0.042,0.967,9.878,ngd,23,331580049.665,0.178,0.000,0.023,0,0,fp
k5,0.422,"[-0.537, 1.382]",0.960,0.734,0.465,9.878,ngd,23,331580049.665,0.178,0.000,0.422,0,0,fp
vot,0.240,,,,,9.878,ngd,23,331580049.665,0.178,0.167,0.074,0,0,fn
tt,-2.449,"[-6.427, 1.529]",3.978,-1.027,0.308,10.415,lm,23,2076778203.791,0.445,-1.000,-1.449,1,0,fn
c,-4.802,"[-12.413, 2.808]",7.610,-1.052,0.296,10.415,lm,23,2076778203.791,0.445,-6.000,1.198,1,0,fn
s,-3.408,"[-9.743, 2.927]",6.335,-0.897,0.373,10.415,lm,23,2076778203.791,0.445,-3.000,-0.408,1,0,fn
k0,0.481,"[-1.527, 2.488]",2.007,0.399,0.691,10.415,lm,23,2076778203.791,0.445,0.000,0.481,0,0,fp
k1,1.981,"[-2.402, 6.365]",4.384,0.754,0.454,10.415,lm,23,2076778203.791,0.445,0.000,1.981,0,0,fp
k2,-0.561,"[-2.675, 1.553]",2.114,-0.443,0.659,10.415,lm,23,2076778203.791,0.445,0.000,-0.561,0,0,fp
k3,1.370,"[-1.537, 4.276]",2.907,0.786,0.435,10.415,lm,23,2076778203.791,0.445,0.000,1.370,0,0,fp
k4,0.272,"[-2.146, 2.689]",2.417,0.187,0.852,10.415,lm,23,2076778203.791,0.445,0.000,0.272,0,0,fp
k5,1.223,"[-2.283, 4.729]",3.506,0.582,0.563,10.415,lm,23,2076778203.791,0.445,0.000,1.223,0,0,fp
vot,0.510,,,,,10.415,lm,23,2076778203.791,0.445,0.167,0.343,0,0,fn
tt,-1.332,"[-1.917, -0.747]",0.585,-3.800,0.000,20.109,ngd+lm,23,206887251.601,0.141,-1.000,-0.332,0,0,fn
c,-7.362,"[-10.846, -3.879]",3.484,-3.525,0.001,20.109,ngd+lm,23,206887251.601,0.141,-6.000,-1.362,0,0,fn
s,-4.396,"[-6.298, -2.495]",1.901,-3.856,0.000,20.109,ngd+lm,23,206887251.601,0.141,-3.000,-1.396,0,0,fn
k0,0.702,"[-0.022, 1.426]",0.724,1.618,0.110,20.109,ngd+lm,23,206887251.601,0.141,0.000,0.702,0,0,fp
k1,-0.494,"[-1.113, 0.126]",0.619,-1.330,0.188,20.109,ngd+lm,23,206887251.601,0.141,0.000,-0.494,0,0,fp
k2,-0.409,"[-1.072, 0.254]",0.663,-1.028,0.308,20.109,ngd+lm,23,206887251.601,0.141,0.000,-0.409,0,0,fp
k3,0.024,"[-0.668, 0.716]",0.692,0.058,0.954,20.109,ngd+lm,23,206887251.601,0.141,0.000,0.024,0,0,fp
k4,0.169,"[-0.724, 1.062]",0.893,0.316,0.753,20.109,ngd+lm,23,206887251.601,0.141,0.000,0.169,0,0,fp
k5,-0.070,"[-0.657, 0.518]",0.588,-0.197,0.844,20.109,ngd+lm,23,206887251.601,0.141,0.000,-0.070,0,0,fp
vot,0.181,,,,,20.109,ngd+lm,23,206887251.601,0.141,0.167,0.014,0,0,fn
tt,-1.039,"[-1.604, -0.474]",0.565,-3.068,0.003,9.982,ngd,24,312991538.749,0.182,-1.000,-0.039,0,0,fn
c,-5.941,"[-8.92, -2.962]",2.979,-3.327,0.001,9.982,ngd,24,312991538.749,0.182,-6.000,0.059,0,0,fn
s,-3.553,"[-5.278, -1.828]",1.725,-3.436,0.001,9.982,ngd,24,312991538.749,0.182,-3.000,-0.553,0,0,fn
k0,0.738,"[-0.188, 1.664]",0.926,1.329,0.188,9.982,ngd,24,312991538.749,0.182,0.000,0.738,0,0,fp
k1,-0.549,"[-1.341, 0.244]",0.793,-1.154,0.252,9.982,ngd,24,312991538.749,0.182,0.000,-0.549,0,0,fp
k2,-0.274,"[-1.156, 0.608]",0.882,-0.518,0.606,9.982,ngd,24,312991538.749,0.182,0.000,-0.274,0,0,fp
k3,0.446,"[-0.248, 1.139]",0.694,1.071,0.288,9.982,ngd,24,312991538.749,0.182,0.000,0.446,0,0,fp
k4,0.368,"[-0.395, 1.131]",0.763,0.804,0.424,9.982,ngd,24,312991538.749,0.182,0.000,0.368,0,0,fp
k5,-0.544,"[-1.333, 0.245]",0.789,-1.150,0.254,9.982,ngd,24,312991538.749,0.182,0.000,-0.544,0,0,fp
vot,0.175,,,,,9.982,ngd,24,312991538.749,0.182,0.167,0.008,0,0,fn
tt,-0.500,"[-1.327, 0.326]",0.826,-1.010,0.316,10.488,lm,24,1225443062.446,0.361,-1.000,0.500,1,0,fn
c,-4.202,"[-10.549, 2.145]",6.347,-1.104,0.273,10.488,lm,24,1225443062.446,0.361,-6.000,1.798,1,0,fn
s,-4.890,"[-12.095, 2.315]",7.205,-1.132,0.262,10.488,lm,24,1225443062.446,0.361,-3.000,-1.890,1,0,fn
k0,1.032,"[-2.165, 4.229]",3.197,0.538,0.592,10.488,lm,24,1225443062.446,0.361,0.000,1.032,0,0,fp
k1,-1.914,"[-5.792, 1.964]",3.878,-0.823,0.413,10.488,lm,24,1225443062.446,0.361,0.000,-1.914,0,0,fp
k2,-1.019,"[-3.513, 1.475]",2.494,-0.681,0.498,10.488,lm,24,1225443062.446,0.361,0.000,-1.019,0,0,fp
k3,1.552,"[-1.644, 4.747]",3.196,0.810,0.421,10.488,lm,24,1225443062.446,0.361,0.000,1.552,0,0,fp
k4,0.483,"[-1.886, 2.851]",2.368,0.340,0.735,10.488,lm,24,1225443062.446,0.361,0.000,0.483,0,0,fp
k5,-1.151,"[-3.541, 1.24]",2.391,-0.803,0.425,10.488,lm,24,1225443062.446,0.361,0.000,-1.151,0,0,fp
vot,0.119,,,,,10.488,lm,24,1225443062.446,0.361,0.167,-0.048,0,0,fn
tt,-1.146,"[-1.621, -0.671]",0.475,-4.024,0.000,20.327,ngd+lm,24,157431999.285,0.129,-1.000,-0.146,0,0,fn
c,-6.862,"[-9.573, -4.151]",2.711,-4.222,0.000,20.327,ngd+lm,24,157431999.285,0.129,-6.000,-0.862,0,0,fn
s,-3.681,"[-5.205, -2.157]",1.524,-4.029,0.000,20.327,ngd+lm,24,157431999.285,0.129,-3.000,-0.681,0,0,fn
k0,0.036,"[-0.678, 0.75]",0.714,0.084,0.933,20.327,ngd+lm,24,157431999.285,0.129,0.000,0.036,0,0,fp
k1,-0.072,"[-0.717, 0.572]",0.645,-0.187,0.852,20.327,ngd+lm,24,157431999.285,0.129,0.000,-0.072,0,0,fp
k2,0.042,"[-0.665, 0.75]",0.707,0.100,0.921,20.327,ngd+lm,24,157431999.285,0.129,0.000,0.042,0,0,fp
k3,0.065,"[-0.434, 0.564]",0.499,0.217,0.829,20.327,ngd+lm,24,157431999.285,0.129,0.000,0.065,0,0,fp
k4,-0.066,"[-0.711, 0.578]",0.644,-0.172,0.864,20.327,ngd+lm,24,157431999.285,0.129,0.000,-0.066,0,0,fp
k5,0.141,"[-0.46, 0.742]",0.601,0.390,0.697,20.327,ngd+lm,24,157431999.285,0.129,0.000,0.141,0,0,fp
vot,0.167,,,,,20.327,ngd+lm,24,157431999.285,0.129,0.167,0.000,0,0,fn
tt,-1.032,"[-1.685, -0.38]",0.653,-2.638,0.010,10.096,ngd,25,337363779.241,0.186,-1.000,-0.032,0,0,fn
c,-5.471,"[-8.836, -2.107]",3.364,-2.712,0.008,10.096,ngd,25,337363779.241,0.186,-6.000,0.529,0,0,fn
s,-3.124,"[-5.162, -1.086]",2.038,-2.557,0.013,10.096,ngd,25,337363779.241,0.186,-3.000,-0.124,0,0,fn
k0,-1.298,"[-2.663, 0.066]",1.365,-1.587,0.117,10.096,ngd,25,337363779.241,0.186,0.000,-1.298,0,0,fp
k1,1.620,"[-0.105, 3.344]",1.724,1.567,0.122,10.096,ngd,25,337363779.241,0.186,0.000,1.620,0,0,fp
k2,-0.734,"[-1.788, 0.319]",1.053,-1.163,0.249,10.096,ngd,25,337363779.241,0.186,0.000,-0.734,0,0,fp
k3,-0.573,"[-1.489, 0.344]",0.916,-1.042,0.301,10.096,ngd,25,337363779.241,0.186,0.000,-0.573,0,0,fp
k4,1.168,"[-0.049, 2.385]",1.217,1.601,0.114,10.096,ngd,25,337363779.241,0.186,0.000,1.168,0,0,fp
k5,-0.498,"[-1.603, 0.606]",1.104,-0.753,0.454,10.096,ngd,25,337363779.241,0.186,0.000,-0.498,0,0,fp
vot,0.189,,,,,10.096,ngd,25,337363779.241,0.186,0.167,0.022,0,0,fn
tt,-1.251,"[-2.069, -0.433]",0.818,-2.550,0.013,10.393,lm,25,205766464.242,0.145,-1.000,-0.251,0,0,fn
c,-8.353,"[-13.701, -3.005]",5.348,-2.605,0.011,10.393,lm,25,205766464.242,0.145,-6.000,-2.353,0,0,fn
s,-4.275,"[-6.915, -1.634]",2.640,-2.700,0.009,10.393,lm,25,205766464.242,0.145,-3.000,-1.275,0,0,fn
k0,0.483,"[-0.698, 1.664]",1.181,0.683,0.497,10.393,lm,25,205766464.242,0.145,0.000,0.483,0,0,fp
k1,-0.401,"[-1.818, 1.015]",1.417,-0.473,0.638,10.393,lm,25,205766464.242,0.145,0.000,-0.401,0,0,fp
k2,0.053,"[-0.948, 1.054]",1.001,0.088,0.930,10.393,lm,25,205766464.242,0.145,0.000,0.053,0,0,fp
k3,-0.383,"[-1.194, 0.428]",0.811,-0.787,0.434,10.393,lm,25,205766464.242,0.145,0.000,-0.383,0,0,fp
k4,-0.322,"[-1.248, 0.605]",0.926,-0.579,0.565,10.393,lm,25,205766464.242,0.145,0.000,-0.322,0,0,fp
k5,0.434,"[-0.554, 1.423]",0.988,0.733,0.466,10.393,lm,25,205766464.242,0.145,0.000,0.434,0,0,fp
vot,0.150,,,,,10.393,lm,25,205766464.242,0.145,0.167,-0.017,0,0,fn
tt,-1.234,"[-2.037, -0.431]",0.803,-2.563,0.013,20.610,ngd+lm,25,205782427.543,0.145,-1.000,-0.234,0,0,fn
c,-8.224,"[-13.462, -2.986]",5.238,-2.619,0.011,20.610,ngd+lm,25,205782427.543,0.145,-6.000,-2.224,0,0,fn
s,-4.217,"[-6.806, -1.628]",2.589,-2.717,0.008,20.610,ngd+lm,25,205782427.543,0.145,-3.000,-1.217,0,0,fn
k0,0.479,"[-0.687, 1.645]",1.166,0.686,0.495,20.610,ngd+lm,25,205782427.543,0.145,0.000,0.479,0,0,fp
k1,-0.403,"[-1.803, 0.997]",1.400,-0.480,0.633,20.610,ngd+lm,25,205782427.543,0.145,0.000,-0.403,0,0,fp
k2,0.043,"[-0.945, 1.031]",0.988,0.073,0.942,20.610,ngd+lm,25,205782427.543,0.145,0.000,0.043,0,0,fp
k3,-0.371,"[-1.174, 0.432]",0.803,-0.771,0.444,20.610,ngd+lm,25,205782427.543,0.145,0.000,-0.371,0,0,fp
k4,-0.320,"[-1.239, 0.598]",0.918,-0.582,0.563,20.610,ngd+lm,25,205782427.543,0.145,0.000,-0.320,0,0,fp
k5,0.432,"[-0.546, 1.41]",0.978,0.737,0.464,20.610,ngd+lm,25,205782427.543,0.145,0.000,0.432,0,0,fp
vot,0.150,,,,,20.610,ngd+lm,25,205782427.543,0.145,0.167,-0.017,0,0,fn
tt,-1.136,"[-1.82, -0.451]",0.684,-2.768,0.007,9.980,ngd,26,390242086.592,0.201,-1.000,-0.136,0,0,fn
c,-6.964,"[-11.057, -2.871]",4.093,-2.838,0.006,9.980,ngd,26,390242086.592,0.201,-6.000,-0.964,0,0,fn
s,-4.707,"[-7.432, -1.981]",2.725,-2.880,0.005,9.980,ngd,26,390242086.592,0.201,-3.000,-1.707,0,0,fn
k0,-0.738,"[-1.986, 0.51]",1.248,-0.987,0.327,9.980,ngd,26,390242086.592,0.201,0.000,-0.738,0,0,fp
k1,1.687,"[0.302, 3.073]",1.386,2.031,0.046,9.980,ngd,26,390242086.592,0.201,0.000,1.687,0,1,fp
k2,-0.575,"[-1.455, 0.304]",0.880,-1.091,0.279,9.980,ngd,26,390242086.592,0.201,0.000,-0.575,0,0,fp
k3,0.284,"[-1.264, 1.833]",1.548,0.306,0.760,9.980,ngd,26,390242086.592,0.201,0.000,0.284,0,0,fp
k4,0.996,"[-0.141, 2.133]",1.137,1.461,0.149,9.980,ngd,26,390242086.592,0.201,0.000,0.996,0,0,fp
k5,-1.335,"[-2.539, -0.132]",1.204,-1.850,0.069,9.980,ngd,26,390242086.592,0.201,0.000,-1.335,0,1,fp
vot,0.163,,,,,9.980,ngd,26,390242086.592,0.201,0.167,-0.004,0,0,fn
tt,-1.208,"[-1.725, -0.691]",0.517,-3.896,0.000,10.532,lm,26,189966262.682,0.140,-1.000,-0.208,0,0,fn
c,-7.121,"[-10.209, -4.033]",3.088,-3.846,0.000,10.532,lm,26,189966262.682,0.140,-6.000,-1.121,0,0,fn
s,-3.601,"[-5.222, -1.979]",1.622,-3.703,0.000,10.532,lm,26,189966262.682,0.140,-3.000,-0.601,0,0,fn
k0,-0.604,"[-1.301, 0.093]",0.697,-1.446,0.153,10.532,lm,26,189966262.682,0.140,0.000,-0.604,0,0,fp
k1,-0.380,"[-1.045, 0.286]",0.665,-0.952,0.345,10.532,lm,26,189966262.682,0.140,0.000,-0.380,0,0,fp
k2,0.278,"[-0.294, 0.849]",0.572,0.811,0.421,10.532,lm,26,189966262.682,0.140,0.000,0.278,0,0,fp
k3,0.440,"[-0.368, 1.248]",0.808,0.907,0.367,10.532,lm,26,189966262.682,0.140,0.000,0.440,0,0,fp
k4,0.484,"[-0.135, 1.103]",0.619,1.303,0.197,10.532,lm,26,189966262.682,0.140,0.000,0.484,0,0,fp
k5,-0.418,"[-1.128, 0.291]",0.709,-0.984,0.329,10.532,lm,26,189966262.682,0.140,0.000,-0.418,0,0,fp
vot,0.170,,,,,10.532,lm,26,189966262.682,0.140,0.167,0.003,0,0,fn
tt,-1.232,"[-1.766, -0.699]",0.533,-3.853,0.000,20.452,ngd+lm,26,189927669.507,0.140,-1.000,-0.232,0,0,fn
c,-7.292,"[-10.486, -4.098]",3.194,-3.808,0.000,20.452,ngd+lm,26,189927669.507,0.140,-6.000,-1.292,0,0,fn
s,-3.669,"[-5.338, -1.999]",1.670,-3.665,0.000,20.452,ngd+lm,26,189927669.507,0.140,-3.000,-0.669,0,0,fn
k0,-0.591,"[-1.301, 0.118]",0.710,-1.390,0.169,20.452,ngd+lm,26,189927669.507,0.140,0.000,-0.591,0,0,fp
k1,-0.389,"[-1.065, 0.287]",0.676,-0.959,0.341,20.452,ngd+lm,26,189927669.507,0.140,0.000,-0.389,0,0,fp
k2,0.277,"[-0.306, 0.859]",0.583,0.793,0.431,20.452,ngd+lm,26,189927669.507,0.140,0.000,0.277,0,0,fp
k3,0.420,"[-0.396, 1.236]",0.816,0.858,0.394,20.452,ngd+lm,26,189927669.507,0.140,0.000,0.420,0,0,fp
k4,0.520,"[-0.119, 1.158]",0.639,1.357,0.179,20.452,ngd+lm,26,189927669.507,0.140,0.000,0.520,0,0,fp
k5,-0.479,"[-1.213, 0.256]",0.735,-1.087,0.281,20.452,ngd+lm,26,189927669.507,0.140,0.000,-0.479,0,0,fp
vot,0.169,,,,,20.452,ngd+lm,26,189927669.507,0.140,0.167,0.002,0,0,fn
tt,-0.930,"[-1.42, -0.44]",0.490,-3.166,0.002,10.940,ngd,27,393278699.896,0.200,-1.000,0.070,0,0,fn
c,-5.564,"[-8.38, -2.748]",2.816,-3.296,0.002,10.940,ngd,27,393278699.896,0.200,-6.000,0.436,0,0,fn
s,-3.371,"[-5.197, -1.544]",1.827,-3.078,0.003,10.940,ngd,27,393278699.896,0.200,-3.000,-0.371,0,0,fn
k0,-1.252,"[-2.439, -0.065]",1.187,-1.759,0.083,10.940,ngd,27,393278699.896,0.200,0.000,-1.252,0,1,fp
k1,-0.967,"[-1.809, -0.126]",0.841,-1.918,0.059,10.940,ngd,27,393278699.896,0.200,0.000,-0.967,0,1,fp
k2,-0.268,"[-0.907, 0.372]",0.639,-0.698,0.487,10.940,ngd,27,393278699.896,0.200,0.000,-0.268,0,0,fp
k3,-0.351,"[-1.082, 0.38]",0.731,-0.802,0.425,10.940,ngd,27,393278699.896,0.200,0.000,-0.351,0,0,fp
k4,1.046,"[0.257, 1.835]",0.789,2.211,0.030,10.940,ngd,27,393278699.896,0.200,0.000,1.046,0,1,fp
k5,0.470,"[-0.407, 1.347]",0.877,0.894,0.375,10.940,ngd,27,393278699.896,0.200,0.000,0.470,0,0,fp
vot,0.167,,,,,10.940,ngd,27,393278699.896,0.200,0.167,0.001,0,0,fn
tt,-0.738,"[-1.01, -0.465]",0.273,-4.510,0.000,10.412,lm,27,221305076.989,0.150,-1.000,0.262,0,0,fn
c,-5.202,"[-6.98, -3.424]",1.778,-4.880,0.000,10.412,lm,27,221305076.989,0.150,-6.000,0.798,0,0,fn
s,-2.110,"[-3.036, -1.185]",0.926,-3.803,0.000,10.412,lm,27,221305076.989,0.150,-3.000,0.890,0,0,fn
k0,0.043,"[-0.597, 0.684]",0.641,0.113,0.910,10.412,lm,27,221305076.989,0.150,0.000,0.043,0,0,fp
k1,0.108,"[-0.385, 0.6]",0.492,0.365,0.716,10.412,lm,27,221305076.989,0.150,0.000,0.108,0,0,fp
k2,-0.039,"[-0.453, 0.375]",0.414,-0.157,0.875,10.412,lm,27,221305076.989,0.150,0.000,-0.039,0,0,fp
k3,-0.059,"[-0.54, 0.422]",0.481,-0.204,0.839,10.412,lm,27,221305076.989,0.150,0.000,-0.059,0,0,fp
k4,0.191,"[-0.296, 0.678]",0.487,0.654,0.515,10.412,lm,27,221305076.989,0.150,0.000,0.191,0,0,fp
k5,0.319,"[-0.253, 0.891]",0.572,0.930,0.356,10.412,lm,27,221305076.989,0.150,0.000,0.319,0,0,fp
vot,0.142,,,,,10.412,lm,27,221305076.989,0.150,0.167,-0.025,0,0,fn
tt,-0.738,"[-1.011, -0.465]",0.273,-4.509,0.000,23.264,ngd+lm,27,221305059.449,0.150,-1.000,0.262,0,0,fn
c,-5.203,"[-6.981, -3.424]",1.778,-4.880,0.000,23.264,ngd+lm,27,221305059.449,0.150,-6.000,0.797,0,0,fn
s,-2.111,"[-3.037, -1.185]",0.926,-3.802,0.000,23.264,ngd+lm,27,221305059.449,0.150,-3.000,0.889,0,0,fn
k0,0.044,"[-0.597, 0.685]",0.641,0.114,0.909,23.264,ngd+lm,27,221305059.449,0.150,0.000,0.044,0,0,fp
k1,0.108,"[-0.384, 0.601]",0.493,0.367,0.715,23.264,ngd+lm,27,221305059.449,0.150,0.000,0.108,0,0,fp
k2,-0.039,"[-0.453, 0.375]",0.414,-0.157,0.875,23.264,ngd+lm,27,221305059.449,0.150,0.000,-0.039,0,0,fp
k3,-0.059,"[-0.54, 0.422]",0.481,-0.204,0.839,23.264,ngd+lm,27,221305059.449,0.150,0.000,-0.059,0,0,fp
k4,0.191,"[-0.296, 0.678]",0.487,0.653,0.516,23.264,ngd+lm,27,221305059.449,0.150,0.000,0.191,0,0,fp
k5,0.319,"[-0.253, 0.892]",0.572,0.930,0.355,23.264,ngd+lm,27,221305059.449,0.150,0.000,0.319,0,0,fp
vot,0.142,,,,,23.264,ngd+lm,27,221305059.449,0.150,0.167,-0.025,0,0,fn
tt,-1.256,"[-2.09, -0.423]",0.834,-2.513,0.014,9.878,ngd,28,283178697.510,0.174,-1.000,-0.256,0,0,fn
c,-7.223,"[-12.546, -1.9]",5.323,-2.263,0.027,9.878,ngd,28,283178697.510,0.174,-6.000,-1.223,0,0,fn
s,-2.933,"[-4.895, -0.972]",1.961,-2.495,0.015,9.878,ngd,28,283178697.510,0.174,-3.000,0.067,0,0,fn
k0,-0.407,"[-1.809, 0.995]",1.402,-0.484,0.630,9.878,ngd,28,283178697.510,0.174,0.000,-0.407,0,0,fp
k1,0.530,"[-0.716, 1.776]",1.246,0.710,0.480,9.878,ngd,28,283178697.510,0.174,0.000,0.530,0,0,fp
k2,-1.158,"[-2.046, -0.27]",0.888,-2.174,0.033,9.878,ngd,28,283178697.510,0.174,0.000,-1.158,0,1,fp
k3,1.471,"[-0.129, 3.07]",1.599,1.534,0.130,9.878,ngd,28,283178697.510,0.174,0.000,1.471,0,0,fp
k4,-0.397,"[-1.068, 0.274]",0.671,-0.986,0.327,9.878,ngd,28,283178697.510,0.174,0.000,-0.397,0,0,fp
k5,-1.551,"[-3.448, 0.346]",1.897,-1.364,0.177,9.878,ngd,28,283178697.510,0.174,0.000,-1.551,0,0,fp
vot,0.174,,,,,9.878,ngd,28,283178697.510,0.174,0.167,0.007,0,0,fn
tt,0.740,"[-0.938, 2.418]",1.678,0.735,0.465,10.268,lm,28,3278105505.114,0.592,-1.000,1.740,1,0,fn
c,-7.159,"[-22.498, 8.179]",15.339,-0.779,0.439,10.268,lm,28,3278105505.114,0.592,-6.000,-1.159,1,0,fn
s,-2.878,"[-9.288, 3.531]",6.409,-0.749,0.456,10.268,lm,28,3278105505.114,0.592,-3.000,0.122,1,0,fn
k0,-0.237,"[-3.176, 2.703]",2.940,-0.134,0.894,10.268,lm,28,3278105505.114,0.592,0.000,-0.237,0,0,fp
k1,0.603,"[-2.758, 3.964]",3.361,0.299,0.766,10.268,lm,28,3278105505.114,0.592,0.000,0.603,0,0,fp
k2,-1.276,"[-6.046, 3.493]",4.769,-0.446,0.657,10.268,lm,28,3278105505.114,0.592,0.000,-1.276,0,0,fp
k3,1.769,"[-3.485, 7.023]",5.254,0.562,0.576,10.268,lm,28,3278105505.114,0.592,0.000,1.769,0,0,fp
k4,-0.001,"[-3.185, 3.184]",3.185,-0.000,1.000,10.268,lm,28,3278105505.114,0.592,0.000,-0.001,0,0,fp
k5,-1.561,"[-5.479, 2.358]",3.918,-0.664,0.509,10.268,lm,28,3278105505.114,0.592,0.000,-1.561,0,0,fp
vot,-0.103,,,,,10.268,lm,28,3278105505.114,0.592,0.167,-0.270,0,0,fn
tt,-1.498,"[-2.278, -0.719]",0.779,-3.206,0.002,20.399,ngd+lm,28,171446261.044,0.135,-1.000,-0.498,0,0,fn
c,-7.897,"[-11.83, -3.965]",3.932,-3.350,0.001,20.399,ngd+lm,28,171446261.044,0.135,-6.000,-1.897,0,0,fn
s,-4.795,"[-7.361, -2.229]",2.566,-3.117,0.003,20.399,ngd+lm,28,171446261.044,0.135,-3.000,-1.795,0,0,fn
k0,0.496,"[-0.311, 1.304]",0.807,1.025,0.309,20.399,ngd+lm,28,171446261.044,0.135,0.000,0.496,0,0,fp
k1,0.515,"[-0.259, 1.288]",0.774,1.109,0.271,20.399,ngd+lm,28,171446261.044,0.135,0.000,0.515,0,0,fp
k2,0.391,"[-0.226, 1.008]",0.617,1.056,0.295,20.399,ngd+lm,28,171446261.044,0.135,0.000,0.391,0,0,fp
k3,-0.108,"[-0.792, 0.576]",0.684,-0.264,0.793,20.399,ngd+lm,28,171446261.044,0.135,0.000,-0.108,0,0,fp
k4,-0.200,"[-0.754, 0.355]",0.555,-0.600,0.551,20.399,ngd+lm,28,171446261.044,0.135,0.000,-0.200,0,0,fp
k5,0.295,"[-0.364, 0.954]",0.659,0.746,0.458,20.399,ngd+lm,28,171446261.044,0.135,0.000,0.295,0,0,fp
vot,0.190,,,,,20.399,ngd+lm,28,171446261.044,0.135,0.167,0.023,0,0,fn
tt,-0.932,"[-1.358, -0.506]",0.426,-3.648,0.001,10.674,ngd,29,278356886.742,0.165,-1.000,0.068,0,0,fn
c,-5.654,"[-8.224, -3.085]",2.569,-3.671,0.000,10.674,ngd,29,278356886.742,0.165,-6.000,0.346,0,0,fn
s,-3.439,"[-5.077, -1.801]",1.638,-3.503,0.001,10.674,ngd,29,278356886.742,0.165,-3.000,-0.439,0,0,fn
k0,-0.228,"[-0.839, 0.384]",0.611,-0.622,0.536,10.674,ngd,29,278356886.742,0.165,0.000,-0.228,0,0,fp
k1,0.185,"[-0.397, 0.767]",0.582,0.530,0.598,10.674,ngd,29,278356886.742,0.165,0.000,0.185,0,0,fp
k2,0.070,"[-0.66, 0.8]",0.730,0.160,0.873,10.674,ngd,29,278356886.742,0.165,0.000,0.070,0,0,fp
k3,0.487,"[-0.206, 1.179]",0.693,1.172,0.246,10.674,ngd,29,278356886.742,0.165,0.000,0.487,0,0,fp
k4,-1.302,"[-2.154, -0.45]",0.852,-2.549,0.013,10.674,ngd,29,278356886.742,0.165,0.000,-1.302,0,1,fp
k5,-0.153,"[-1.237, 0.931]",1.084,-0.236,0.814,10.674,ngd,29,278356886.742,0.165,0.000,-0.153,0,0,fp
vot,0.165,,,,,10.674,ngd,29,278356886.742,0.165,0.167,-0.002,0,0,fn
tt,0.973,"[-1.14, 3.087]",2.114,0.768,0.445,10.541,lm,29,6779856983.708,0.815,-1.000,1.973,1,0,fn
c,-5.380,"[-18.605, 7.846]",13.225,-0.678,0.500,10.541,lm,29,6779856983.708,0.815,-6.000,0.620,1,0,fn
s,-3.564,"[-12.904, 5.775]",9.339,-0.637,0.527,10.541,lm,29,6779856983.708,0.815,-3.000,-0.564,1,0,fn
k0,0.154,"[-3.872, 4.181]",4.026,0.064,0.949,10.541,lm,29,6779856983.708,0.815,0.000,0.154,0,0,fp
k1,0.530,"[-3.089, 4.149]",3.619,0.244,0.808,10.541,lm,29,6779856983.708,0.815,0.000,0.530,0,0,fp
k2,0.455,"[-2.927, 3.837]",3.382,0.224,0.823,10.541,lm,29,6779856983.708,0.815,0.000,0.455,0,0,fp
k3,0.664,"[-3.468, 4.796]",4.132,0.268,0.789,10.541,lm,29,6779856983.708,0.815,0.000,0.664,0,0,fp
k4,-1.424,"[-8.322, 5.474]",6.898,-0.344,0.732,10.541,lm,29,6779856983.708,0.815,0.000,-1.424,0,0,fp
k5,-0.036,"[-6.932, 6.861]",6.897,-0.009,0.993,10.541,lm,29,6779856983.708,0.815,0.000,-0.036,0,0,fp
vot,-0.181,,,,,10.541,lm,29,6779856983.708,0.815,0.167,-0.348,0,0,fn
tt,-0.716,"[-0.962, -0.47]",0.246,-4.850,0.000,21.263,ngd+lm,29,173875828.542,0.130,-1.000,0.284,0,0,fn
c,-4.214,"[-5.553, -2.876]",1.339,-5.251,0.000,21.263,ngd+lm,29,173875828.542,0.130,-6.000,1.786,0,0,fn
s,-1.971,"[-2.719, -1.224]",0.748,-4.398,0.000,21.263,ngd+lm,29,173875828.542,0.130,-3.000,1.029,0,0,fn
k0,-0.055,"[-0.416, 0.305]",0.360,-0.256,0.798,21.263,ngd+lm,29,173875828.542,0.130,0.000,-0.055,0,0,fp
k1,-0.225,"[-0.574, 0.124]",0.349,-1.076,0.286,21.263,ngd+lm,29,173875828.542,0.130,0.000,-0.225,0,0,fp
k2,-0.132,"[-0.509, 0.245]",0.377,-0.584,0.561,21.263,ngd+lm,29,173875828.542,0.130,0.000,-0.132,0,0,fp
k3,0.161,"[-0.244, 0.566]",0.405,0.663,0.509,21.263,ngd+lm,29,173875828.542,0.130,0.000,0.161,0,0,fp
k4,0.032,"[-0.333, 0.397]",0.365,0.146,0.884,21.263,ngd+lm,29,173875828.542,0.130,0.000,0.032,0,0,fp
k5,-0.210,"[-0.796, 0.376]",0.586,-0.598,0.552,21.263,ngd+lm,29,173875828.542,0.130,0.000,-0.210,0,0,fp
vot,0.170,,,,,21.263,ngd+lm,29,173875828.542,0.130,0.167,0.003,0,0,fn
tt,-1.255,"[-1.765, -0.745]",0.510,-4.102,0.000,10.080,ngd,30,277997842.625,0.170,-1.000,-0.255,0,0,fn
c,-6.513,"[-9.198, -3.829]",2.685,-4.047,0.000,10.080,ngd,30,277997842.625,0.170,-6.000,-0.513,0,0,fn
s,-3.560,"[-4.97, -2.149]",1.410,-4.210,0.000,10.080,ngd,30,277997842.625,0.170,-3.000,-0.560,0,0,fn
k0,0.538,"[-0.318, 1.394]",0.856,1.049,0.298,10.080,ngd,30,277997842.625,0.170,0.000,0.538,0,0,fp
k1,-0.599,"[-1.702, 0.504]",1.103,-0.906,0.368,10.080,ngd,30,277997842.625,0.170,0.000,-0.599,0,0,fp
k2,-1.160,"[-1.985, -0.334]",0.826,-2.343,0.022,10.080,ngd,30,277997842.625,0.170,0.000,-1.160,0,1,fp
k3,1.422,"[0.266, 2.579]",1.156,2.052,0.044,10.080,ngd,30,277997842.625,0.170,0.000,1.422,0,1,fp
k4,-0.139,"[-0.65, 0.372]",0.511,-0.454,0.651,10.080,ngd,30,277997842.625,0.170,0.000,-0.139,0,0,fp
k5,1.393,"[0.45, 2.336]",0.943,2.464,0.016,10.080,ngd,30,277997842.625,0.170,0.000,1.393,0,1,fp
vot,0.193,,,,,10.080,ngd,30,277997842.625,0.170,0.167,0.026,0,0,fn
tt,-0.853,"[-1.16, -0.546]",0.307,-4.636,0.000,10.785,lm,30,187999999.928,0.140,-1.000,0.147,0,0,fn
c,-5.295,"[-7.01, -3.581]",1.715,-5.151,0.000,10.785,lm,30,187999999.928,0.140,-6.000,0.705,0,0,fn
s,-2.298,"[-3.022, -1.574]",0.724,-5.293,0.000,10.785,lm,30,187999999.928,0.140,-3.000,0.702,0,0,fn
k0,0.110,"[-0.411, 0.632]",0.521,0.353,0.725,10.785,lm,30,187999999.928,0.140,0.000,0.110,0,0,fp
k1,0.509,"[-0.156, 1.174]",0.665,1.276,0.207,10.785,lm,30,187999999.928,0.140,0.000,0.509,0,0,fp
k2,-0.109,"[-0.585, 0.367]",0.476,-0.382,0.704,10.785,lm,30,187999999.928,0.140,0.000,-0.109,0,0,fp
k3,0.212,"[-0.437, 0.861]",0.649,0.545,0.588,10.785,lm,30,187999999.928,0.140,0.000,0.212,0,0,fp
k4,0.175,"[-0.12, 0.469]",0.295,0.988,0.327,10.785,lm,30,187999999.928,0.140,0.000,0.175,0,0,fp
k5,0.493,"[-0.006, 0.991]",0.499,1.648,0.104,10.785,lm,30,187999999.928,0.140,0.000,0.493,0,0,fp
vot,0.161,,,,,10.785,lm,30,187999999.928,0.140,0.167,-0.006,0,0,fn
tt,-0.853,"[-1.16, -0.546]",0.307,-4.636,0.000,20.685,ngd+lm,30,187999999.902,0.140,-1.000,0.147,0,0,fn
c,-5.296,"[-7.01, -3.581]",1.715,-5.151,0.000,20.685,ngd+lm,30,187999999.902,0.140,-6.000,0.704,0,0,fn
s,-2.298,"[-3.022, -1.574]",0.724,-5.293,0.000,20.685,ngd+lm,30,187999999.902,0.140,-3.000,0.702,0,0,fn
k0,0.110,"[-0.411, 0.632]",0.521,0.353,0.725,20.685,ngd+lm,30,187999999.902,0.140,0.000,0.110,0,0,fp
k1,0.509,"[-0.156, 1.174]",0.665,1.276,0.207,20.685,ngd+lm,30,187999999.902,0.140,0.000,0.509,0,0,fp
k2,-0.109,"[-0.585, 0.367]",0.476,-0.382,0.704,20.685,ngd+lm,30,187999999.902,0.140,0.000,-0.109,0,0,fp
k3,0.212,"[-0.437, 0.861]",0.649,0.545,0.588,20.685,ngd+lm,30,187999999.902,0.140,0.000,0.212,0,0,fp
k4,0.175,"[-0.12, 0.469]",0.295,0.988,0.327,20.685,ngd+lm,30,187999999.902,0.140,0.000,0.175,0,0,fp
k5,0.493,"[-0.006, 0.991]",0.499,1.648,0.104,20.685,ngd+lm,30,187999999.902,0.140,0.000,0.493,0,0,fp
vot,0.161,,,,,20.685,ngd+lm,30,187999999.902,0.140,0.167,-0.006,0,0,fn
tt,-0.824,"[-1.471, -0.177]",0.647,-2.124,0.037,10.008,ngd,31,517950830.339,0.233,-1.000,0.176,0,0,fn
c,-6.311,"[-10.896, -1.726]",4.585,-2.296,0.025,10.008,ngd,31,517950830.339,0.233,-6.000,-0.311,0,0,fn
s,-2.528,"[-4.854, -0.202]",2.326,-1.813,0.074,10.008,ngd,31,517950830.339,0.233,-3.000,0.472,0,0,fn
k0,-0.395,"[-1.654, 0.864]",1.259,-0.524,0.602,10.008,ngd,31,517950830.339,0.233,0.000,-0.395,0,0,fp
k1,-1.280,"[-2.772, 0.212]",1.492,-1.431,0.157,10.008,ngd,31,517950830.339,0.233,0.000,-1.280,0,0,fp
k2,0.432,"[-0.688, 1.553]",1.120,0.644,0.522,10.008,ngd,31,517950830.339,0.233,0.000,0.432,0,0,fp
k3,-0.841,"[-2.607, 0.925]",1.766,-0.794,0.430,10.008,ngd,31,517950830.339,0.233,0.000,-0.841,0,0,fp
k4,-1.516,"[-3.217, 0.186]",1.701,-1.486,0.142,10.008,ngd,31,517950830.339,0.233,0.000,-1.516,0,0,fp
k5,1.132,"[-0.206, 2.47]",1.338,1.411,0.163,10.008,ngd,31,517950830.339,0.233,0.000,1.132,0,0,fp
vot,0.131,,,,,10.008,ngd,31,517950830.339,0.233,0.167,-0.036,0,0,fn
tt,-2.461,"[-7.823, 2.9]",5.361,-0.766,0.447,10.403,lm,31,1956555386.886,0.452,-1.000,-1.461,1,0,fn
c,-5.880,"[-19.439, 7.68]",13.560,-0.723,0.472,10.403,lm,31,1956555386.886,0.452,-6.000,0.120,1,0,fn
s,-1.771,"[-7.23, 3.689]",5.460,-0.541,0.590,10.403,lm,31,1956555386.886,0.452,-3.000,1.229,1,0,fn
k0,-0.557,"[-4.845, 3.731]",4.288,-0.217,0.829,10.403,lm,31,1956555386.886,0.452,0.000,-0.557,0,0,fp
k1,-1.348,"[-4.684, 1.988]",3.336,-0.674,0.503,10.403,lm,31,1956555386.886,0.452,0.000,-1.348,0,0,fp
k2,0.888,"[-3.21, 4.986]",4.098,0.361,0.719,10.403,lm,31,1956555386.886,0.452,0.000,0.888,0,0,fp
k3,-0.708,"[-4.203, 2.786]",3.494,-0.338,0.736,10.403,lm,31,1956555386.886,0.452,0.000,-0.708,0,0,fp
k4,-1.276,"[-4.857, 2.305]",3.581,-0.594,0.554,10.403,lm,31,1956555386.886,0.452,0.000,-1.276,0,0,fp
k5,1.893,"[-3.53, 7.315]",5.422,0.582,0.562,10.403,lm,31,1956555386.886,0.452,0.000,1.893,0,0,fp
vot,0.419,,,,,10.403,lm,31,1956555386.886,0.452,0.167,0.252,0,0,fn
tt,-1.143,"[-1.844, -0.442]",0.701,-2.719,0.008,20.275,ngd+lm,31,241193656.231,0.159,-1.000,-0.143,0,0,fn
c,-6.523,"[-10.664, -2.382]",4.141,-2.627,0.011,20.275,ngd+lm,31,241193656.231,0.159,-6.000,-0.523,0,0,fn
s,-3.015,"[-4.897, -1.133]",1.882,-2.672,0.009,20.275,ngd+lm,31,241193656.231,0.159,-3.000,-0.015,0,0,fn
k0,0.156,"[-0.496, 0.808]",0.652,0.400,0.691,20.275,ngd+lm,31,241193656.231,0.159,0.000,0.156,0,0,fp
k1,0.206,"[-0.435, 0.847]",0.641,0.536,0.594,20.275,ngd+lm,31,241193656.231,0.159,0.000,0.206,0,0,fp
k2,-0.341,"[-1.156, 0.473]",0.815,-0.699,0.487,20.275,ngd+lm,31,241193656.231,0.159,0.000,-0.341,0,0,fp
k3,-0.446,"[-1.315, 0.422]",0.868,-0.858,0.394,20.275,ngd+lm,31,241193656.231,0.159,0.000,-0.446,0,0,fp
k4,0.361,"[-0.518, 1.239]",0.878,0.685,0.496,20.275,ngd+lm,31,241193656.231,0.159,0.000,0.361,0,0,fp
k5,-0.186,"[-0.773, 0.402]",0.588,-0.528,0.600,20.275,ngd+lm,31,241193656.231,0.159,0.000,-0.186,0,0,fp
vot,0.175,,,,,20.275,ngd+lm,31,241193656.231,0.159,0.167,0.009,0,0,fn
tt,-1.178,"[-2.021, -0.334]",0.844,-2.327,0.023,9.962,ngd,32,539457066.363,0.233,-1.000,-0.178,0,0,fn
c,-4.875,"[-9.047, -0.703]",4.172,-1.949,0.055,9.962,ngd,32,539457066.363,0.233,-6.000,1.125,0,0,fn
s,-2.829,"[-4.93, -0.728]",2.101,-2.246,0.028,9.962,ngd,32,539457066.363,0.233,-3.000,0.171,0,0,fn
k0,1.041,"[-0.198, 2.279]",1.238,1.402,0.166,9.962,ngd,32,539457066.363,0.233,0.000,1.041,0,0,fp
k1,0.099,"[-0.652, 0.851]",0.752,0.220,0.826,9.962,ngd,32,539457066.363,0.233,0.000,0.099,0,0,fp
k2,-0.224,"[-0.919, 0.47]",0.694,-0.539,0.592,9.962,ngd,32,539457066.363,0.233,0.000,-0.224,0,0,fp
k3,-0.603,"[-1.57, 0.364]",0.967,-1.040,0.302,9.962,ngd,32,539457066.363,0.233,0.000,-0.603,0,0,fp
k4,0.626,"[-0.2, 1.451]",0.825,1.264,0.211,9.962,ngd,32,539457066.363,0.233,0.000,0.626,0,0,fp
k5,-1.691,"[-2.782, -0.6]",1.091,-2.585,0.012,9.962,ngd,32,539457066.363,0.233,0.000,-1.691,0,1,fp
vot,0.242,,,,,9.962,ngd,32,539457066.363,0.233,0.167,0.075,0,0,fn
tt,-2.403,"[-6.978, 2.172]",4.575,-0.876,0.384,10.646,lm,32,2526784746.440,0.505,-1.000,-1.403,1,0,fn
c,-4.285,"[-11.343, 2.774]",7.058,-1.012,0.315,10.646,lm,32,2526784746.440,0.505,-6.000,1.715,1,0,fn
s,-2.200,"[-6.832, 2.432]",4.632,-0.792,0.431,10.646,lm,32,2526784746.440,0.505,-3.000,0.800,1,0,fn
k0,1.896,"[-2.485, 6.278]",4.382,0.722,0.473,10.646,lm,32,2526784746.440,0.505,0.000,1.896,0,0,fp
k1,0.658,"[-2.052, 3.368]",2.710,0.405,0.687,10.646,lm,32,2526784746.440,0.505,0.000,0.658,0,0,fp
k2,-0.113,"[-1.642, 1.417]",1.530,-0.123,0.903,10.646,lm,32,2526784746.440,0.505,0.000,-0.113,0,0,fp
k3,-0.050,"[-1.968, 1.867]",1.918,-0.044,0.965,10.646,lm,32,2526784746.440,0.505,0.000,-0.050,0,0,fp
k4,1.407,"[-1.557, 4.372]",2.964,0.792,0.431,10.646,lm,32,2526784746.440,0.505,0.000,1.407,0,0,fp
k5,-1.707,"[-6.127, 2.714]",4.421,-0.644,0.522,10.646,lm,32,2526784746.440,0.505,0.000,-1.707,0,0,fp
vot,0.561,,,,,10.646,lm,32,2526784746.440,0.505,0.167,0.394,0,0,fn
tt,-0.820,"[-1.118, -0.522]",0.298,-4.589,0.000,20.334,ngd+lm,32,165791942.287,0.129,-1.000,0.180,0,0,fn
c,-5.414,"[-7.259, -3.57]",1.844,-4.897,0.000,20.334,ngd+lm,32,165791942.287,0.129,-6.000,0.586,0,0,fn
s,-2.983,"[-3.909, -2.057]",0.926,-5.374,0.000,20.334,ngd+lm,32,165791942.287,0.129,-3.000,0.017,0,0,fn
k0,0.030,"[-0.413, 0.474]",0.444,0.114,0.910,20.334,ngd+lm,32,165791942.287,0.129,0.000,0.030,0,0,fp
k1,0.153,"[-0.187, 0.493]",0.340,0.750,0.456,20.334,ngd+lm,32,165791942.287,0.129,0.000,0.153,0,0,fp
k2,0.468,"[0.111, 0.825]",0.357,2.188,0.032,20.334,ngd+lm,32,165791942.287,0.129,0.000,0.468,0,1,fp
k3,0.151,"[-0.234, 0.535]",0.385,0.654,0.515,20.334,ngd+lm,32,165791942.287,0.129,0.000,0.151,0,0,fp
k4,-0.613,"[-0.973, -0.254]",0.359,-2.849,0.006,20.334,ngd+lm,32,165791942.287,0.129,0.000,-0.613,0,1,fp
k5,0.201,"[-0.18, 0.581]",0.381,0.879,0.382,20.334,ngd+lm,32,165791942.287,0.129,0.000,0.201,0,0,fp
vot,0.151,,,,,20.334,ngd+lm,32,165791942.287,0.129,0.167,-0.015,0,0,fn
tt,-1.256,"[-1.813, -0.7]",0.556,-3.766,0.000,10.079,ngd,33,247713594.152,0.161,-1.000,-0.256,0,0,fn
c,-7.526,"[-11.066, -3.986]",3.540,-3.546,0.001,10.079,ngd,33,247713594.152,0.161,-6.000,-1.526,0,0,fn
s,-3.831,"[-5.61, -2.052]",1.779,-3.592,0.001,10.079,ngd,33,247713594.152,0.161,-3.000,-0.831,0,0,fn
k0,-0.902,"[-1.621, -0.182]",0.720,-2.090,0.040,10.079,ngd,33,247713594.152,0.161,0.000,-0.902,0,1,fp
k1,0.846,"[-0.263, 1.955]",1.109,1.272,0.208,10.079,ngd,33,247713594.152,0.161,0.000,0.846,0,0,fp
k2,0.627,"[-0.217, 1.471]",0.844,1.240,0.219,10.079,ngd,33,247713594.152,0.161,0.000,0.627,0,0,fp
k3,0.467,"[-0.329, 1.262]",0.796,0.978,0.331,10.079,ngd,33,247713594.152,0.161,0.000,0.467,0,0,fp
k4,-1.469,"[-2.512, -0.425]",1.044,-2.348,0.022,10.079,ngd,33,247713594.152,0.161,0.000,-1.469,0,1,fp
k5,0.947,"[-0.099, 1.993]",1.046,1.511,0.136,10.079,ngd,33,247713594.152,0.161,0.000,0.947,0,0,fp
vot,0.167,,,,,10.079,ngd,33,247713594.152,0.161,0.167,0.000,0,0,fn
tt,-0.617,"[-0.847, -0.386]",0.230,-4.463,0.000,10.906,lm,33,167358593.117,0.132,-1.000,0.383,0,0,fn
c,-3.820,"[-5.235, -2.404]",1.416,-4.500,0.000,10.906,lm,33,167358593.117,0.132,-6.000,2.180,0,0,fn
s,-2.186,"[-3.004, -1.369]",0.817,-4.463,0.000,10.906,lm,33,167358593.117,0.132,-3.000,0.814,0,0,fn
k0,-0.308,"[-0.643, 0.028]",0.335,-1.530,0.131,10.906,lm,33,167358593.117,0.132,0.000,-0.308,0,0,fp
k1,-0.079,"[-0.527, 0.369]",0.448,-0.294,0.770,10.906,lm,33,167358593.117,0.132,0.000,-0.079,0,0,fp
k2,0.115,"[-0.314, 0.545]",0.429,0.448,0.656,10.906,lm,33,167358593.117,0.132,0.000,0.115,0,0,fp
k3,0.266,"[-0.121, 0.654]",0.388,1.146,0.256,10.906,lm,33,167358593.117,0.132,0.000,0.266,0,0,fp
k4,-0.177,"[-0.588, 0.235]",0.411,-0.716,0.477,10.906,lm,33,167358593.117,0.132,0.000,-0.177,0,0,fp
k5,-0.254,"[-0.691, 0.184]",0.438,-0.967,0.337,10.906,lm,33,167358593.117,0.132,0.000,-0.254,0,0,fp
vot,0.161,,,,,10.906,lm,33,167358593.117,0.132,0.167,-0.005,0,0,fn
tt,-0.617,"[-0.847, -0.386]",0.230,-4.463,0.000,20.499,ngd+lm,33,167358593.739,0.132,-1.000,0.383,0,0,fn
c,-3.820,"[-5.236, -2.404]",1.416,-4.500,0.000,20.499,ngd+lm,33,167358593.739,0.132,-6.000,2.180,0,0,fn
s,-2.187,"[-3.004, -1.369]",0.817,-4.463,0.000,20.499,ngd+lm,33,167358593.739,0.132,-3.000,0.813,0,0,fn
k0,-0.308,"[-0.643, 0.028]",0.335,-1.530,0.131,20.499,ngd+lm,33,167358593.739,0.132,0.000,-0.308,0,0,fp
k1,-0.079,"[-0.527, 0.369]",0.448,-0.294,0.770,20.499,ngd+lm,33,167358593.739,0.132,0.000,-0.079,0,0,fp
k2,0.115,"[-0.314, 0.545]",0.430,0.448,0.656,20.499,ngd+lm,33,167358593.739,0.132,0.000,0.115,0,0,fp
k3,0.266,"[-0.121, 0.654]",0.388,1.146,0.256,20.499,ngd+lm,33,167358593.739,0.132,0.000,0.266,0,0,fp
k4,-0.177,"[-0.588, 0.235]",0.411,-0.716,0.477,20.499,ngd+lm,33,167358593.739,0.132,0.000,-0.177,0,0,fp
k5,-0.254,"[-0.691, 0.184]",0.438,-0.966,0.337,20.499,ngd+lm,33,167358593.739,0.132,0.000,-0.254,0,0,fp
vot,0.161,,,,,20.499,ngd+lm,33,167358593.739,0.132,0.167,-0.005,0,0,fn
tt,-0.900,"[-1.462, -0.338]",0.562,-2.672,0.009,10.312,ngd,34,227346953.683,0.154,-1.000,0.100,0,0,fn
c,-6.485,"[-10.344, -2.625]",3.860,-2.802,0.007,10.312,ngd,34,227346953.683,0.154,-6.000,-0.485,0,0,fn
s,-3.660,"[-5.864, -1.457]",2.204,-2.770,0.007,10.312,ngd,34,227346953.683,0.154,-3.000,-0.660,0,0,fn
k0,0.609,"[-0.271, 1.489]",0.880,1.154,0.253,10.312,ngd,34,227346953.683,0.154,0.000,0.609,0,0,fp
k1,-0.414,"[-1.157, 0.329]",0.743,-0.929,0.356,10.312,ngd,34,227346953.683,0.154,0.000,-0.414,0,0,fp
k2,0.012,"[-0.712, 0.736]",0.724,0.028,0.978,10.312,ngd,34,227346953.683,0.154,0.000,0.012,0,0,fp
k3,-0.078,"[-0.653, 0.498]",0.576,-0.225,0.823,10.312,ngd,34,227346953.683,0.154,0.000,-0.078,0,0,fp
k4,-0.484,"[-1.693, 0.724]",1.209,-0.669,0.506,10.312,ngd,34,227346953.683,0.154,0.000,-0.484,0,0,fp
k5,-0.196,"[-0.938, 0.546]",0.742,-0.441,0.661,10.312,ngd,34,227346953.683,0.154,0.000,-0.196,0,0,fp
vot,0.139,,,,,10.312,ngd,34,227346953.683,0.154,0.167,-0.028,0,0,fn
tt,-0.647,"[-0.917, -0.378]",0.270,-4.004,0.000,10.290,lm,34,187845999.769,0.140,-1.000,0.353,0,0,fn
c,-3.997,"[-5.584, -2.411]",1.586,-4.203,0.000,10.290,lm,34,187845999.769,0.140,-6.000,2.003,0,0,fn
s,-1.917,"[-2.694, -1.14]",0.777,-4.117,0.000,10.290,lm,34,187845999.769,0.140,-3.000,1.083,0,0,fn
k0,0.044,"[-0.452, 0.539]",0.495,0.147,0.884,10.290,lm,34,187845999.769,0.140,0.000,0.044,0,0,fp
k1,-0.369,"[-0.85, 0.112]",0.481,-1.281,0.205,10.290,lm,34,187845999.769,0.140,0.000,-0.369,0,0,fp
k2,0.151,"[-0.295, 0.597]",0.446,0.566,0.573,10.290,lm,34,187845999.769,0.140,0.000,0.151,0,0,fp
k3,-0.246,"[-0.689, 0.197]",0.443,-0.926,0.358,10.290,lm,34,187845999.769,0.140,0.000,-0.246,0,0,fp
k4,0.011,"[-0.73, 0.751]",0.741,0.024,0.981,10.290,lm,34,187845999.769,0.140,0.000,0.011,0,0,fp
k5,-0.260,"[-0.756, 0.235]",0.495,-0.876,0.384,10.290,lm,34,187845999.769,0.140,0.000,-0.260,0,0,fp
vot,0.162,,,,,10.290,lm,34,187845999.769,0.140,0.167,-0.005,0,0,fn
tt,-0.648,"[-0.918, -0.378]",0.270,-4.002,0.000,20.750,ngd+lm,34,187845940.296,0.140,-1.000,0.352,0,0,fn
c,-4.001,"[-5.589, -2.412]",1.589,-4.200,0.000,20.750,ngd+lm,34,187845940.296,0.140,-6.000,1.999,0,0,fn
s,-1.919,"[-2.696, -1.141]",0.778,-4.114,0.000,20.750,ngd+lm,34,187845940.296,0.140,-3.000,1.081,0,0,fn
k0,0.044,"[-0.452, 0.54]",0.496,0.148,0.883,20.750,ngd+lm,34,187845940.296,0.140,0.000,0.044,0,0,fp
k1,-0.370,"[-0.851, 0.111]",0.481,-1.282,0.204,20.750,ngd+lm,34,187845940.296,0.140,0.000,-0.370,0,0,fp
k2,0.151,"[-0.295, 0.598]",0.447,0.565,0.574,20.750,ngd+lm,34,187845940.296,0.140,0.000,0.151,0,0,fp
k3,-0.246,"[-0.69, 0.197]",0.443,-0.926,0.358,20.750,ngd+lm,34,187845940.296,0.140,0.000,-0.246,0,0,fp
k4,0.011,"[-0.731, 0.752]",0.741,0.024,0.981,20.750,ngd+lm,34,187845940.296,0.140,0.000,0.011,0,0,fp
k5,-0.261,"[-0.757, 0.235]",0.496,-0.878,0.383,20.750,ngd+lm,34,187845940.296,0.140,0.000,-0.261,0,0,fp
vot,0.162,,,,,20.750,ngd+lm,34,187845940.296,0.140,0.167,-0.005,0,0,fn
tt,-1.383,"[-2.159, -0.607]",0.776,-2.974,0.004,10.012,ngd,35,213717088.168,0.149,-1.000,-0.383,0,0,fn
c,-7.570,"[-11.626, -3.514]",4.056,-3.113,0.003,10.012,ngd,35,213717088.168,0.149,-6.000,-1.570,0,0,fn
s,-3.972,"[-5.953, -1.991]",1.981,-3.344,0.001,10.012,ngd,35,213717088.168,0.149,-3.000,-0.972,0,0,fn
k0,0.070,"[-0.883, 1.023]",0.953,0.122,0.903,10.012,ngd,35,213717088.168,0.149,0.000,0.070,0,0,fp
k1,0.175,"[-0.776, 1.127]",0.951,0.307,0.759,10.012,ngd,35,213717088.168,0.149,0.000,0.175,0,0,fp
k2,0.524,"[-0.089, 1.138]",0.613,1.426,0.158,10.012,ngd,35,213717088.168,0.149,0.000,0.524,0,0,fp
k3,-0.852,"[-1.847, 0.143]",0.995,-1.427,0.158,10.012,ngd,35,213717088.168,0.149,0.000,-0.852,0,0,fp
k4,-0.416,"[-1.546, 0.713]",1.130,-0.614,0.541,10.012,ngd,35,213717088.168,0.149,0.000,-0.416,0,0,fp
k5,-0.174,"[-1.028, 0.679]",0.854,-0.341,0.734,10.012,ngd,35,213717088.168,0.149,0.000,-0.174,0,0,fp
vot,0.183,,,,,10.012,ngd,35,213717088.168,0.149,0.167,0.016,0,0,fn
tt,-2.773,"[-5.365, -0.18]",2.593,-1.784,0.079,10.315,lm,35,530905103.038,0.234,-1.000,-1.773,0,0,fn
c,-7.514,"[-14.683, -0.345]",7.169,-1.748,0.085,10.315,lm,35,530905103.038,0.234,-6.000,-1.514,0,0,fn
s,-2.830,"[-5.711, 0.052]",2.881,-1.638,0.106,10.315,lm,35,530905103.038,0.234,-3.000,0.170,1,0,fn
k0,-0.728,"[-2.716, 1.259]",1.988,-0.611,0.543,10.315,lm,35,530905103.038,0.234,0.000,-0.728,0,0,fp
k1,0.487,"[-1.45, 2.423]",1.936,0.419,0.676,10.315,lm,35,530905103.038,0.234,0.000,0.487,0,0,fp
k2,1.187,"[-2.088, 4.463]",3.275,0.605,0.547,10.315,lm,35,530905103.038,0.234,0.000,1.187,0,0,fp
k3,-1.773,"[-4.189, 0.644]",2.417,-1.224,0.225,10.315,lm,35,530905103.038,0.234,0.000,-1.773,0,0,fp
k4,-0.707,"[-2.934, 1.521]",2.227,-0.529,0.598,10.315,lm,35,530905103.038,0.234,0.000,-0.707,0,0,fp
k5,-0.851,"[-2.469, 0.768]",1.619,-0.876,0.384,10.315,lm,35,530905103.038,0.234,0.000,-0.851,0,0,fp
vot,0.369,,,,,10.315,lm,35,530905103.038,0.234,0.167,0.202,0,0,fn
tt,-0.844,"[-1.171, -0.517]",0.327,-4.304,0.000,20.557,ngd+lm,35,158521551.695,0.128,-1.000,0.156,0,0,fn
c,-5.342,"[-7.245, -3.439]",1.903,-4.682,0.000,20.557,ngd+lm,35,158521551.695,0.128,-6.000,0.658,0,0,fn
s,-2.813,"[-3.791, -1.835]",0.978,-4.797,0.000,20.557,ngd+lm,35,158521551.695,0.128,-3.000,0.187,0,0,fn
k0,0.757,"[0.104, 1.41]",0.653,1.933,0.058,20.557,ngd+lm,35,158521551.695,0.128,0.000,0.757,0,1,fp
k1,0.046,"[-0.523, 0.615]",0.569,0.135,0.893,20.557,ngd+lm,35,158521551.695,0.128,0.000,0.046,0,0,fp
k2,-0.255,"[-0.667, 0.157]",0.412,-1.031,0.306,20.557,ngd+lm,35,158521551.695,0.128,0.000,-0.255,0,0,fp
k3,0.227,"[-0.367, 0.82]",0.594,0.637,0.527,20.557,ngd+lm,35,158521551.695,0.128,0.000,0.227,0,0,fp
k4,-0.455,"[-1.144, 0.234]",0.689,-1.102,0.275,20.557,ngd+lm,35,158521551.695,0.128,0.000,-0.455,0,0,fp
k5,-0.059,"[-0.559, 0.441]",0.500,-0.196,0.845,20.557,ngd+lm,35,158521551.695,0.128,0.000,-0.059,0,0,fp
vot,0.158,,,,,20.557,ngd+lm,35,158521551.695,0.128,0.167,-0.009,0,0,fn
tt,-0.834,"[-1.448, -0.219]",0.615,-2.263,0.027,9.924,ngd,36,425800741.220,0.216,-1.000,0.166,0,0,fn
c,-6.397,"[-11.152, -1.642]",4.755,-2.244,0.028,9.924,ngd,36,425800741.220,0.216,-6.000,-0.397,0,0,fn
s,-2.833,"[-4.686, -0.98]",1.853,-2.550,0.013,9.924,ngd,36,425800741.220,0.216,-3.000,0.167,0,0,fn
k0,0.583,"[-0.505, 1.671]",1.088,0.893,0.375,9.924,ngd,36,425800741.220,0.216,0.000,0.583,0,0,fp
k1,1.467,"[0.233, 2.7]",1.233,1.984,0.051,9.924,ngd,36,425800741.220,0.216,0.000,1.467,0,1,fp
k2,0.301,"[-0.664, 1.267]",0.966,0.521,0.604,9.924,ngd,36,425800741.220,0.216,0.000,0.301,0,0,fp
k3,-0.519,"[-1.346, 0.309]",0.827,-1.046,0.299,9.924,ngd,36,425800741.220,0.216,0.000,-0.519,0,0,fp
k4,-1.380,"[-2.545, -0.216]",1.165,-1.977,0.052,9.924,ngd,36,425800741.220,0.216,0.000,-1.380,0,1,fp
k5,-1.182,"[-2.433, 0.07]",1.252,-1.575,0.120,9.924,ngd,36,425800741.220,0.216,0.000,-1.182,0,0,fp
vot,0.130,,,,,9.924,ngd,36,425800741.220,0.216,0.167,-0.036,0,0,fn
tt,-1.672,"[-3.962, 0.618]",2.290,-1.218,0.228,10.479,lm,36,1345502287.905,0.385,-1.000,-0.672,1,0,fn
c,-6.488,"[-16.592, 3.616]",10.104,-1.071,0.288,10.479,lm,36,1345502287.905,0.385,-6.000,-0.488,1,0,fn
s,-1.291,"[-4.163, 1.581]",2.872,-0.750,0.456,10.479,lm,36,1345502287.905,0.385,-3.000,1.709,1,0,fn
k0,0.273,"[-2.377, 2.923]",2.650,0.172,0.864,10.479,lm,36,1345502287.905,0.385,0.000,0.273,0,0,fp
k1,1.792,"[-2.567, 6.151]",4.359,0.686,0.495,10.479,lm,36,1345502287.905,0.385,0.000,1.792,0,0,fp
k2,0.354,"[-1.999, 2.707]",2.353,0.251,0.803,10.479,lm,36,1345502287.905,0.385,0.000,0.354,0,0,fp
k3,-0.571,"[-3.09, 1.949]",2.519,-0.378,0.707,10.479,lm,36,1345502287.905,0.385,0.000,-0.571,0,0,fp
k4,-1.718,"[-5.437, 2.001]",3.719,-0.770,0.444,10.479,lm,36,1345502287.905,0.385,0.000,-1.718,0,0,fp
k5,-1.742,"[-4.804, 1.319]",3.061,-0.949,0.346,10.479,lm,36,1345502287.905,0.385,0.000,-1.742,0,0,fp
vot,0.258,,,,,10.479,lm,36,1345502287.905,0.385,0.167,0.091,0,0,fn
tt,-0.956,"[-1.415, -0.497]",0.459,-3.474,0.001,20.465,ngd+lm,36,199754593.427,0.148,-1.000,0.044,0,0,fn
c,-5.346,"[-8.059, -2.634]",2.713,-3.287,0.002,20.465,ngd+lm,36,199754593.427,0.148,-6.000,0.654,0,0,fn
s,-2.794,"[-4.072, -1.515]",1.279,-3.643,0.001,20.465,ngd+lm,36,199754593.427,0.148,-3.000,0.206,0,0,fn
k0,0.269,"[-0.252, 0.791]",0.521,0.862,0.392,20.465,ngd+lm,36,199754593.427,0.148,0.000,0.269,0,0,fp
k1,0.021,"[-0.439, 0.481]",0.460,0.076,0.939,20.465,ngd+lm,36,199754593.427,0.148,0.000,0.021,0,0,fp
k2,-0.336,"[-0.881, 0.209]",0.545,-1.028,0.308,20.465,ngd+lm,36,199754593.427,0.148,0.000,-0.336,0,0,fp
k3,-0.185,"[-0.771, 0.401]",0.586,-0.527,0.600,20.465,ngd+lm,36,199754593.427,0.148,0.000,-0.185,0,0,fp
k4,0.099,"[-0.476, 0.675]",0.576,0.287,0.775,20.465,ngd+lm,36,199754593.427,0.148,0.000,0.099,0,0,fp
k5,0.064,"[-0.532, 0.661]",0.596,0.180,0.858,20.465,ngd+lm,36,199754593.427,0.148,0.000,0.064,0,0,fp
vot,0.179,,,,,20.465,ngd+lm,36,199754593.427,0.148,0.167,0.012,0,0,fn
tt,-1.136,"[-1.801, -0.472]",0.664,-2.852,0.006,9.778,ngd,37,362801792.843,0.196,-1.000,-0.136,0,0,fn
c,-5.587,"[-8.461, -2.712]",2.874,-3.242,0.002,9.778,ngd,37,362801792.843,0.196,-6.000,0.413,0,0,fn
s,-3.701,"[-5.824, -1.577]",2.123,-2.907,0.005,9.778,ngd,37,362801792.843,0.196,-3.000,-0.701,0,0,fn
k0,1.395,"[0.097, 2.692]",1.297,1.793,0.078,9.778,ngd,37,362801792.843,0.196,0.000,1.395,0,1,fp
k1,-1.029,"[-2.16, 0.102]",1.131,-1.518,0.134,9.778,ngd,37,362801792.843,0.196,0.000,-1.029,0,0,fp
k2,-0.537,"[-1.663, 0.588]",1.125,-0.797,0.428,9.778,ngd,37,362801792.843,0.196,0.000,-0.537,0,0,fp
k3,-1.497,"[-2.74, -0.254]",1.243,-2.008,0.049,9.778,ngd,37,362801792.843,0.196,0.000,-1.497,0,1,fp
k4,0.380,"[-0.366, 1.126]",0.746,0.850,0.398,9.778,ngd,37,362801792.843,0.196,0.000,0.380,0,0,fp
k5,-0.612,"[-1.869, 0.645]",1.257,-0.812,0.420,9.778,ngd,37,362801792.843,0.196,0.000,-0.612,0,0,fp
vot,0.203,,,,,9.778,ngd,37,362801792.843,0.196,0.167,0.037,0,0,fn
tt,-0.649,"[-1.445, 0.148]",0.797,-1.358,0.179,10.505,lm,37,1060496823.242,0.335,-1.000,0.351,1,0,fn
c,-4.750,"[-9.585, 0.085]",4.835,-1.638,0.106,10.505,lm,37,1060496823.242,0.335,-6.000,1.250,1,0,fn
s,-4.274,"[-8.508, -0.039]",4.235,-1.683,0.097,10.505,lm,37,1060496823.242,0.335,-3.000,-1.274,0,0,fn
k0,1.374,"[-1.372, 4.119]",2.745,0.835,0.407,10.505,lm,37,1060496823.242,0.335,0.000,1.374,0,0,fp
k1,-1.247,"[-3.59, 1.096]",2.343,-0.888,0.378,10.505,lm,37,1060496823.242,0.335,0.000,-1.247,0,0,fp
k2,-0.357,"[-2.463, 1.75]",2.106,-0.282,0.779,10.505,lm,37,1060496823.242,0.335,0.000,-0.357,0,0,fp
k3,-1.972,"[-5.018, 1.074]",3.046,-1.080,0.284,10.505,lm,37,1060496823.242,0.335,0.000,-1.972,0,0,fp
k4,1.027,"[-0.915, 2.97]",1.943,0.882,0.381,10.505,lm,37,1060496823.242,0.335,0.000,1.027,0,0,fp
k5,-0.675,"[-2.744, 1.393]",2.068,-0.545,0.588,10.505,lm,37,1060496823.242,0.335,0.000,-0.675,0,0,fp
vot,0.137,,,,,10.505,lm,37,1060496823.242,0.335,0.167,-0.030,0,0,fn
tt,-0.914,"[-1.18, -0.649]",0.266,-5.738,0.000,20.137,ngd+lm,37,142874144.133,0.123,-1.000,0.086,0,0,fn
c,-5.916,"[-7.557, -4.275]",1.641,-6.014,0.000,20.137,ngd+lm,37,142874144.133,0.123,-6.000,0.084,0,0,fn
s,-2.418,"[-3.15, -1.686]",0.732,-5.510,0.000,20.137,ngd+lm,37,142874144.133,0.123,-3.000,0.582,0,0,fn
k0,0.530,"[-0.042, 1.102]",0.572,1.547,0.127,20.137,ngd+lm,37,142874144.133,0.123,0.000,0.530,0,0,fp
k1,0.267,"[-0.15, 0.685]",0.417,1.069,0.289,20.137,ngd+lm,37,142874144.133,0.123,0.000,0.267,0,0,fp
k2,0.355,"[-0.214, 0.924]",0.569,1.042,0.301,20.137,ngd+lm,37,142874144.133,0.123,0.000,0.355,0,0,fp
k3,-0.273,"[-0.724, 0.178]",0.451,-1.011,0.316,20.137,ngd+lm,37,142874144.133,0.123,0.000,-0.273,0,0,fp
k4,-0.376,"[-0.81, 0.058]",0.434,-1.445,0.153,20.137,ngd+lm,37,142874144.133,0.123,0.000,-0.376,0,0,fp
k5,-0.138,"[-0.624, 0.349]",0.487,-0.472,0.638,20.137,ngd+lm,37,142874144.133,0.123,0.000,-0.138,0,0,fp
vot,0.155,,,,,20.137,ngd+lm,37,142874144.133,0.123,0.167,-0.012,0,0,fn
tt,-1.174,"[-1.703, -0.645]",0.529,-3.701,0.000,9.947,ngd,38,357640831.471,0.196,-1.000,-0.174,0,0,fn
c,-5.274,"[-7.778, -2.77]",2.504,-3.513,0.001,9.947,ngd,38,357640831.471,0.196,-6.000,0.726,0,0,fn
s,-3.222,"[-4.698, -1.746]",1.476,-3.642,0.001,9.947,ngd,38,357640831.471,0.196,-3.000,-0.222,0,0,fn
k0,-0.303,"[-1.084, 0.478]",0.781,-0.647,0.520,9.947,ngd,38,357640831.471,0.196,0.000,-0.303,0,0,fp
k1,0.141,"[-0.548, 0.83]",0.689,0.341,0.734,9.947,ngd,38,357640831.471,0.196,0.000,0.141,0,0,fp
k2,-0.230,"[-0.875, 0.415]",0.645,-0.594,0.554,9.947,ngd,38,357640831.471,0.196,0.000,-0.230,0,0,fp
k3,0.178,"[-0.574, 0.929]",0.751,0.394,0.695,9.947,ngd,38,357640831.471,0.196,0.000,0.178,0,0,fp
k4,0.079,"[-0.563, 0.722]",0.642,0.206,0.837,9.947,ngd,38,357640831.471,0.196,0.000,0.079,0,0,fp
k5,0.103,"[-0.584, 0.79]",0.687,0.251,0.803,9.947,ngd,38,357640831.471,0.196,0.000,0.103,0,0,fp
vot,0.223,,,,,9.947,ngd,38,357640831.471,0.196,0.167,0.056,0,0,fn
tt,-1.057,"[-1.483, -0.632]",0.425,-4.144,0.000,10.371,lm,38,210153848.168,0.150,-1.000,-0.057,0,0,fn
c,-6.349,"[-8.922, -3.775]",2.573,-4.115,0.000,10.371,lm,38,210153848.168,0.150,-6.000,-0.349,0,0,fn
s,-3.179,"[-4.534, -1.824]",1.355,-3.912,0.000,10.371,lm,38,210153848.168,0.150,-3.000,-0.179,0,0,fn
k0,0.048,"[-0.509, 0.605]",0.557,0.144,0.886,10.371,lm,38,210153848.168,0.150,0.000,0.048,0,0,fp
k1,-0.143,"[-0.702, 0.416]",0.559,-0.427,0.671,10.371,lm,38,210153848.168,0.150,0.000,-0.143,0,0,fp
k2,-0.472,"[-1.14, 0.197]",0.668,-1.177,0.243,10.371,lm,38,210153848.168,0.150,0.000,-0.472,0,0,fp
k3,-0.016,"[-0.725, 0.693]",0.709,-0.038,0.970,10.371,lm,38,210153848.168,0.150,0.000,-0.016,0,0,fp
k4,-0.240,"[-0.866, 0.386]",0.626,-0.639,0.525,10.371,lm,38,210153848.168,0.150,0.000,-0.240,0,0,fp
k5,-0.403,"[-1.034, 0.228]",0.631,-1.065,0.291,10.371,lm,38,210153848.168,0.150,0.000,-0.403,0,0,fp
vot,0.167,,,,,10.371,lm,38,210153848.168,0.150,0.167,-0.000,0,0,fn
tt,-1.071,"[-1.506, -0.637]",0.434,-4.115,0.000,20.497,ngd+lm,38,210144556.620,0.150,-1.000,-0.071,0,0,fn
c,-6.434,"[-9.062, -3.805]",2.628,-4.083,0.000,20.497,ngd+lm,38,210144556.620,0.150,-6.000,-0.434,0,0,fn
s,-3.221,"[-4.604, -1.839]",1.383,-3.886,0.000,20.497,ngd+lm,38,210144556.620,0.150,-3.000,-0.221,0,0,fn
k0,0.048,"[-0.512, 0.607]",0.559,0.142,0.887,20.497,ngd+lm,38,210144556.620,0.150,0.000,0.048,0,0,fp
k1,-0.148,"[-0.711, 0.416]",0.564,-0.436,0.664,20.497,ngd+lm,38,210144556.620,0.150,0.000,-0.148,0,0,fp
k2,-0.490,"[-1.169, 0.19]",0.679,-1.202,0.233,20.497,ngd+lm,38,210144556.620,0.150,0.000,-0.490,0,0,fp
k3,-0.005,"[-0.723, 0.713]",0.718,-0.011,0.991,20.497,ngd+lm,38,210144556.620,0.150,0.000,-0.005,0,0,fp
k4,-0.251,"[-0.886, 0.384]",0.635,-0.659,0.512,20.497,ngd+lm,38,210144556.620,0.150,0.000,-0.251,0,0,fp
k5,-0.401,"[-1.038, 0.235]",0.637,-1.052,0.297,20.497,ngd+lm,38,210144556.620,0.150,0.000,-0.401,0,0,fp
vot,0.167,,,,,20.497,ngd+lm,38,210144556.620,0.150,0.167,-0.000,0,0,fn
tt,-1.464,"[-2.192, -0.736]",0.728,-3.355,0.001,9.833,ngd,39,235836607.656,0.157,-1.000,-0.464,0,0,fn
c,-7.080,"[-11.121, -3.04]",4.040,-2.923,0.005,9.833,ngd,39,235836607.656,0.157,-6.000,-1.080,0,0,fn
s,-3.874,"[-5.792, -1.957]",1.917,-3.370,0.001,9.833,ngd,39,235836607.656,0.157,-3.000,-0.874,0,0,fn
k0,0.680,"[-0.407, 1.768]",1.088,1.043,0.301,9.833,ngd,39,235836607.656,0.157,0.000,0.680,0,0,fp
k1,-0.093,"[-0.557, 0.371]",0.464,-0.333,0.740,9.833,ngd,39,235836607.656,0.157,0.000,-0.093,0,0,fp
k2,-0.838,"[-1.696, 0.021]",0.858,-1.628,0.108,9.833,ngd,39,235836607.656,0.157,0.000,-0.838,0,0,fp
k3,0.966,"[-0.16, 2.092]",1.126,1.431,0.157,9.833,ngd,39,235836607.656,0.157,0.000,0.966,0,0,fp
k4,-0.859,"[-1.858, 0.141]",1.000,-1.433,0.157,9.833,ngd,39,235836607.656,0.157,0.000,-0.859,0,0,fp
k5,-0.664,"[-1.72, 0.391]",1.055,-1.050,0.297,9.833,ngd,39,235836607.656,0.157,0.000,-0.664,0,0,fp
vot,0.207,,,,,9.833,ngd,39,235836607.656,0.157,0.167,0.040,0,0,fn
tt,0.779,"[-0.766, 2.323]",1.545,0.841,0.403,10.514,lm,39,3843826925.484,0.634,-1.000,1.779,1,0,fn
c,-7.149,"[-22.29, 7.992]",15.141,-0.788,0.434,10.514,lm,39,3843826925.484,0.634,-6.000,-1.149,1,0,fn
s,-3.625,"[-10.569, 3.32]",6.944,-0.871,0.387,10.514,lm,39,3843826925.484,0.634,-3.000,-0.625,1,0,fn
k0,0.323,"[-2.214, 2.861]",2.538,0.212,0.832,10.514,lm,39,3843826925.484,0.634,0.000,0.323,0,0,fp
k1,-0.439,"[-2.399, 1.522]",1.961,-0.373,0.710,10.514,lm,39,3843826925.484,0.634,0.000,-0.439,0,0,fp
k2,-0.525,"[-3.488, 2.438]",2.963,-0.295,0.769,10.514,lm,39,3843826925.484,0.634,0.000,-0.525,0,0,fp
k3,1.324,"[-2.37, 5.019]",3.695,0.598,0.552,10.514,lm,39,3843826925.484,0.634,0.000,1.324,0,0,fp
k4,-1.293,"[-4.947, 2.36]",3.653,-0.590,0.557,10.514,lm,39,3843826925.484,0.634,0.000,-1.293,0,0,fp
k5,-1.557,"[-5.385, 2.27]",3.828,-0.679,0.500,10.514,lm,39,3843826925.484,0.634,0.000,-1.557,0,0,fp
vot,-0.109,,,,,10.514,lm,39,3843826925.484,0.634,0.167,-0.276,0,0,fn
tt,-0.965,"[-1.345, -0.585]",0.380,-4.236,0.000,20.419,ngd+lm,39,155618627.995,0.128,-1.000,0.035,0,0,fn
c,-5.831,"[-8.27, -3.393]",2.438,-3.989,0.000,20.419,ngd+lm,39,155618627.995,0.128,-6.000,0.169,0,0,fn
s,-2.749,"[-3.807, -1.691]",1.058,-4.333,0.000,20.419,ngd+lm,39,155618627.995,0.128,-3.000,0.251,0,0,fn
k0,0.401,"[-0.121, 0.922]",0.521,1.282,0.204,20.419,ngd+lm,39,155618627.995,0.128,0.000,0.401,0,0,fp
k1,0.066,"[-0.216, 0.348]",0.282,0.390,0.698,20.419,ngd+lm,39,155618627.995,0.128,0.000,0.066,0,0,fp
k2,-0.457,"[-0.894, -0.02]",0.437,-1.745,0.086,20.419,ngd+lm,39,155618627.995,0.128,0.000,-0.457,0,1,fp
k3,0.325,"[-0.309, 0.959]",0.634,0.854,0.396,20.419,ngd+lm,39,155618627.995,0.128,0.000,0.325,0,0,fp
k4,-0.281,"[-0.834, 0.272]",0.553,-0.846,0.400,20.419,ngd+lm,39,155618627.995,0.128,0.000,-0.281,0,0,fp
k5,0.359,"[-0.273, 0.991]",0.632,0.948,0.347,20.419,ngd+lm,39,155618627.995,0.128,0.000,0.359,0,0,fp
vot,0.166,,,,,20.419,ngd+lm,39,155618627.995,0.128,0.167,-0.001,0,0,fn
tt,-0.785,"[-1.149, -0.421]",0.364,-3.595,0.001,10.220,ngd,40,333822587.619,0.189,-1.000,0.215,0,0,fn
c,-4.716,"[-7.154, -2.277]",2.438,-3.226,0.002,10.220,ngd,40,333822587.619,0.189,-6.000,1.284,0,0,fn
s,-3.097,"[-4.526, -1.667]",1.429,-3.614,0.001,10.220,ngd,40,333822587.619,0.189,-3.000,-0.097,0,0,fn
k0,-1.195,"[-1.996, -0.395]",0.801,-2.490,0.015,10.220,ngd,40,333822587.619,0.189,0.000,-1.195,0,1,fp
k1,0.211,"[-0.628, 1.05]",0.839,0.419,0.677,10.220,ngd,40,333822587.619,0.189,0.000,0.211,0,0,fp
k2,0.149,"[-0.503, 0.802]",0.653,0.381,0.704,10.220,ngd,40,333822587.619,0.189,0.000,0.149,0,0,fp
k3,0.909,"[-0.037, 1.856]",0.947,1.602,0.114,10.220,ngd,40,333822587.619,0.189,0.000,0.909,0,0,fp
k4,-0.637,"[-1.321, 0.046]",0.683,-1.555,0.125,10.220,ngd,40,333822587.619,0.189,0.000,-0.637,0,0,fp
k5,-0.154,"[-0.729, 0.421]",0.575,-0.448,0.656,10.220,ngd,40,333822587.619,0.189,0.000,-0.154,0,0,fp
vot,0.166,,,,,10.220,ngd,40,333822587.619,0.189,0.167,-0.000,0,0,fn
tt,0.180,"[-0.19, 0.55]",0.370,0.812,0.420,10.296,lm,40,2387628676.402,0.504,-1.000,1.180,1,0,fn
c,-4.371,"[-11.165, 2.423]",6.794,-1.073,0.287,10.296,lm,40,2387628676.402,0.504,-6.000,1.629,1,0,fn
s,-3.284,"[-8.065, 1.497]",4.781,-1.146,0.256,10.296,lm,40,2387628676.402,0.504,-3.000,-0.284,1,0,fn
k0,-1.715,"[-4.773, 1.343]",3.058,-0.935,0.353,10.296,lm,40,2387628676.402,0.504,0.000,-1.715,0,0,fp
k1,0.134,"[-2.165, 2.433]",2.299,0.097,0.923,10.296,lm,40,2387628676.402,0.504,0.000,0.134,0,0,fp
k2,0.532,"[-0.951, 2.014]",1.482,0.598,0.552,10.296,lm,40,2387628676.402,0.504,0.000,0.532,0,0,fp
k3,1.112,"[-1.345, 3.57]",2.457,0.755,0.453,10.296,lm,40,2387628676.402,0.504,0.000,1.112,0,0,fp
k4,-0.932,"[-3.453, 1.59]",2.522,-0.616,0.540,10.296,lm,40,2387628676.402,0.504,0.000,-0.932,0,0,fp
k5,0.380,"[-1.564, 2.324]",1.944,0.326,0.745,10.296,lm,40,2387628676.402,0.504,0.000,0.380,0,0,fp
vot,-0.041,,,,,10.296,lm,40,2387628676.402,0.504,0.167,-0.208,0,0,fn
tt,-0.842,"[-1.11, -0.573]",0.268,-5.232,0.000,21.515,ngd+lm,40,201218028.080,0.146,-1.000,0.158,0,0,fn
c,-4.687,"[-6.314, -3.06]",1.627,-4.805,0.000,21.515,ngd+lm,40,201218028.080,0.146,-6.000,1.313,0,0,fn
s,-2.662,"[-3.534, -1.791]",0.871,-5.097,0.000,21.515,ngd+lm,40,201218028.080,0.146,-3.000,0.338,0,0,fn
k0,0.371,"[-0.131, 0.873]",0.502,1.232,0.222,21.515,ngd+lm,40,201218028.080,0.146,0.000,0.371,0,0,fp
k1,0.201,"[-0.339, 0.742]",0.541,0.622,0.536,21.515,ngd+lm,40,201218028.080,0.146,0.000,0.201,0,0,fp
k2,0.031,"[-0.413, 0.475]",0.444,0.116,0.908,21.515,ngd+lm,40,201218028.080,0.146,0.000,0.031,0,0,fp
k3,0.082,"[-0.468, 0.632]",0.550,0.248,0.805,21.515,ngd+lm,40,201218028.080,0.146,0.000,0.082,0,0,fp
k4,-0.069,"[-0.482, 0.344]",0.413,-0.279,0.781,21.515,ngd+lm,40,201218028.080,0.146,0.000,-0.069,0,0,fp
k5,-0.212,"[-0.648, 0.223]",0.435,-0.813,0.419,21.515,ngd+lm,40,201218028.080,0.146,0.000,-0.212,0,0,fp
vot,0.180,,,,,21.515,ngd+lm,40,201218028.080,0.146,0.167,0.013,0,0,fn
tt,-1.252,"[-1.805, -0.698]",0.554,-3.771,0.000,9.915,ngd,41,318925746.502,0.179,-1.000,-0.252,0,0,fn
c,-5.015,"[-7.361, -2.67]",2.346,-3.566,0.001,9.915,ngd,41,318925746.502,0.179,-6.000,0.985,0,0,fn
s,-4.168,"[-5.946, -2.39]",1.778,-3.910,0.000,9.915,ngd,41,318925746.502,0.179,-3.000,-1.168,0,0,fn
k0,1.112,"[-0.004, 2.228]",1.116,1.661,0.101,9.915,ngd,41,318925746.502,0.179,0.000,1.112,0,0,fp
k1,-0.049,"[-0.627, 0.528]",0.577,-0.143,0.887,9.915,ngd,41,318925746.502,0.179,0.000,-0.049,0,0,fp
k2,1.108,"[0.329, 1.887]",0.779,2.372,0.021,9.915,ngd,41,318925746.502,0.179,0.000,1.108,0,1,fp
k3,-0.189,"[-0.853, 0.474]",0.664,-0.475,0.636,9.915,ngd,41,318925746.502,0.179,0.000,-0.189,0,0,fp
k4,-1.120,"[-2.066, -0.175]",0.946,-1.976,0.052,9.915,ngd,41,318925746.502,0.179,0.000,-1.120,0,1,fp
k5,-0.489,"[-1.246, 0.268]",0.757,-1.077,0.285,9.915,ngd,41,318925746.502,0.179,0.000,-0.489,0,0,fp
vot,0.250,,,,,9.915,ngd,41,318925746.502,0.179,0.167,0.083,0,0,fn
tt,-2.942,"[-8.15, 2.266]",5.208,-0.942,0.349,10.405,lm,41,2234132042.765,0.473,-1.000,-1.942,1,0,fn
c,-4.314,"[-11.849, 3.22]",7.535,-0.955,0.343,10.405,lm,41,2234132042.765,0.473,-6.000,1.686,1,0,fn
s,-3.781,"[-10.375, 2.812]",6.594,-0.957,0.342,10.405,lm,41,2234132042.765,0.473,-3.000,-0.781,1,0,fn
k0,1.600,"[-3.599, 6.799]",5.199,0.513,0.609,10.405,lm,41,2234132042.765,0.473,0.000,1.600,0,0,fp
k1,0.625,"[-1.269, 2.52]",1.895,0.551,0.584,10.405,lm,41,2234132042.765,0.473,0.000,0.625,0,0,fp
k2,1.805,"[-2.319, 5.93]",4.125,0.730,0.468,10.405,lm,41,2234132042.765,0.473,0.000,1.805,0,0,fp
k3,0.089,"[-2.797, 2.976]",2.887,0.052,0.959,10.405,lm,41,2234132042.765,0.473,0.000,0.089,0,0,fp
k4,-0.700,"[-4.722, 3.321]",4.022,-0.290,0.772,10.405,lm,41,2234132042.765,0.473,0.000,-0.700,0,0,fp
k5,-0.265,"[-2.612, 2.083]",2.347,-0.188,0.851,10.405,lm,41,2234132042.765,0.473,0.000,-0.265,0,0,fp
vot,0.682,,,,,10.405,lm,41,2234132042.765,0.473,0.167,0.515,0,0,fn
tt,-0.878,"[-1.195, -0.561]",0.317,-4.620,0.000,20.231,ngd+lm,41,168486874.864,0.130,-1.000,0.122,0,0,fn
c,-5.699,"[-7.627, -3.771]",1.928,-4.931,0.000,20.231,ngd+lm,41,168486874.864,0.130,-6.000,0.301,0,0,fn
s,-3.021,"[-4.11, -1.932]",1.089,-4.627,0.000,20.231,ngd+lm,41,168486874.864,0.130,-3.000,-0.021,0,0,fn
k0,0.315,"[-0.391, 1.021]",0.706,0.743,0.460,20.231,ngd+lm,41,168486874.864,0.130,0.000,0.315,0,0,fp
k1,-0.074,"[-0.539, 0.391]",0.465,-0.267,0.791,20.231,ngd+lm,41,168486874.864,0.130,0.000,-0.074,0,0,fp
k2,0.281,"[-0.27, 0.831]",0.550,0.850,0.398,20.231,ngd+lm,41,168486874.864,0.130,0.000,0.281,0,0,fp
k3,-0.163,"[-0.684, 0.359]",0.521,-0.521,0.604,20.231,ngd+lm,41,168486874.864,0.130,0.000,-0.163,0,0,fp
k4,-0.670,"[-1.321, -0.018]",0.651,-1.715,0.091,20.231,ngd+lm,41,168486874.864,0.130,0.000,-0.670,0,1,fp
k5,0.255,"[-0.263, 0.772]",0.518,0.820,0.415,20.231,ngd+lm,41,168486874.864,0.130,0.000,0.255,0,0,fp
vot,0.154,,,,,20.231,ngd+lm,41,168486874.864,0.130,0.167,-0.013,0,0,fn
tt,-0.723,"[-1.288, -0.157]",0.566,-2.132,0.037,10.468,ngd,42,260951553.965,0.165,-1.000,0.277,0,0,fn
c,-6.988,"[-11.612, -2.364]",4.624,-2.521,0.014,10.468,ngd,42,260951553.965,0.165,-6.000,-0.988,0,0,fn
s,-2.912,"[-5.138, -0.685]",2.227,-2.181,0.033,10.468,ngd,42,260951553.965,0.165,-3.000,0.088,0,0,fn
k0,0.323,"[-1.053, 1.698]",1.375,0.392,0.697,10.468,ngd,42,260951553.965,0.165,0.000,0.323,0,0,fp
k1,-1.240,"[-2.617, 0.136]",1.376,-1.503,0.138,10.468,ngd,42,260951553.965,0.165,0.000,-1.240,0,0,fp
k2,0.983,"[-0.853, 2.819]",1.836,0.893,0.375,10.468,ngd,42,260951553.965,0.165,0.000,0.983,0,0,fp
k3,-0.188,"[-1.224, 0.847]",1.036,-0.303,0.763,10.468,ngd,42,260951553.965,0.165,0.000,-0.188,0,0,fp
k4,-0.480,"[-1.675, 0.715]",1.195,-0.670,0.505,10.468,ngd,42,260951553.965,0.165,0.000,-0.480,0,0,fp
k5,-1.307,"[-2.696, 0.083]",1.389,-1.569,0.121,10.468,ngd,42,260951553.965,0.165,0.000,-1.307,0,0,fp
vot,0.103,,,,,10.468,ngd,42,260951553.965,0.165,0.167,-0.063,0,0,fn
tt,-2.926,"[-9.754, 3.902]",6.828,-0.715,0.477,10.208,lm,42,2377331303.409,0.498,-1.000,-1.926,1,0,fn
c,-6.537,"[-21.032, 7.957]",14.494,-0.752,0.455,10.208,lm,42,2377331303.409,0.498,-6.000,-0.537,1,0,fn
s,-1.777,"[-6.646, 3.091]",4.869,-0.609,0.545,10.208,lm,42,2377331303.409,0.498,-3.000,1.223,1,0,fn
k0,0.297,"[-4.539, 5.133]",4.836,0.103,0.919,10.208,lm,42,2377331303.409,0.498,0.000,0.297,0,0,fp
k1,-1.447,"[-6.47, 3.577]",5.024,-0.480,0.633,10.208,lm,42,2377331303.409,0.498,0.000,-1.447,0,0,fp
k2,1.204,"[-2.998, 5.406]",4.202,0.478,0.634,10.208,lm,42,2377331303.409,0.498,0.000,1.204,0,0,fp
k3,-0.457,"[-4.639, 3.725]",4.182,-0.182,0.856,10.208,lm,42,2377331303.409,0.498,0.000,-0.457,0,0,fp
k4,-0.924,"[-5.723, 3.876]",4.799,-0.321,0.749,10.208,lm,42,2377331303.409,0.498,0.000,-0.924,0,0,fp
k5,-1.708,"[-5.837, 2.42]",4.129,-0.690,0.492,10.208,lm,42,2377331303.409,0.498,0.000,-1.708,0,0,fp
vot,0.448,,,,,10.208,lm,42,2377331303.409,0.498,0.167,0.281,0,0,fn
tt,-0.755,"[-1.002, -0.508]",0.247,-5.097,0.000,21.100,ngd+lm,42,107583602.924,0.106,-1.000,0.245,0,0,fn
c,-5.183,"[-6.798, -3.569]",1.615,-5.354,0.000,21.100,ngd+lm,42,107583602.924,0.106,-6.000,0.817,0,0,fn
s,-2.232,"[-2.925, -1.539]",0.693,-5.373,0.000,21.100,ngd+lm,42,107583602.924,0.106,-3.000,0.768,0,0,fn
k0,0.124,"[-0.484, 0.732]",0.608,0.341,0.734,21.100,ngd+lm,42,107583602.924,0.106,0.000,0.124,0,0,fp
k1,-0.359,"[-0.703, -0.014]",0.344,-1.738,0.087,21.100,ngd+lm,42,107583602.924,0.106,0.000,-0.359,0,1,fp
k2,-0.069,"[-0.663, 0.524]",0.593,-0.195,0.846,21.100,ngd+lm,42,107583602.924,0.106,0.000,-0.069,0,0,fp
k3,0.035,"[-0.433, 0.503]",0.468,0.125,0.901,21.100,ngd+lm,42,107583602.924,0.106,0.000,0.035,0,0,fp
k4,0.153,"[-0.279, 0.584]",0.431,0.590,0.557,21.100,ngd+lm,42,107583602.924,0.106,0.000,0.153,0,0,fp
k5,0.147,"[-0.318, 0.612]",0.465,0.528,0.599,21.100,ngd+lm,42,107583602.924,0.106,0.000,0.147,0,0,fp
vot,0.146,,,,,21.100,ngd+lm,42,107583602.924,0.106,0.167,-0.021,0,0,fn
tt,-1.289,"[-2.006, -0.572]",0.717,-3.000,0.004,10.100,ngd,43,286038821.960,0.170,-1.000,-0.289,0,0,fn
c,-6.362,"[-9.874, -2.85]",3.512,-3.022,0.004,10.100,ngd,43,286038821.960,0.170,-6.000,-0.362,0,0,fn
s,-2.920,"[-4.627, -1.214]",1.707,-2.854,0.006,10.100,ngd,43,286038821.960,0.170,-3.000,0.080,0,0,fn
k0,0.102,"[-0.912, 1.116]",1.014,0.168,0.867,10.100,ngd,43,286038821.960,0.170,0.000,0.102,0,0,fp
k1,0.927,"[-0.051, 1.904]",0.977,1.581,0.118,10.100,ngd,43,286038821.960,0.170,0.000,0.927,0,0,fp
k2,0.715,"[-0.002, 1.433]",0.717,1.663,0.101,10.100,ngd,43,286038821.960,0.170,0.000,0.715,0,0,fp
k3,0.575,"[-0.364, 1.515]",0.939,1.022,0.311,10.100,ngd,43,286038821.960,0.170,0.000,0.575,0,0,fp
k4,-0.432,"[-1.134, 0.269]",0.702,-1.028,0.308,10.100,ngd,43,286038821.960,0.170,0.000,-0.432,0,0,fp
k5,-1.211,"[-2.296, -0.126]",1.085,-1.861,0.067,10.100,ngd,43,286038821.960,0.170,0.000,-1.211,0,1,fp
vot,0.203,,,,,10.100,ngd,43,286038821.960,0.170,0.167,0.036,0,0,fn
tt,-2.501,"[-7.045, 2.044]",4.544,-0.918,0.362,10.734,lm,43,2233667468.233,0.475,-1.000,-1.501,1,0,fn
c,-6.150,"[-18.106, 5.806]",11.956,-0.858,0.394,10.734,lm,43,2233667468.233,0.475,-6.000,-0.150,1,0,fn
s,-2.108,"[-6.336, 2.121]",4.228,-0.831,0.409,10.734,lm,43,2233667468.233,0.475,-3.000,0.892,1,0,fn
k0,0.458,"[-1.998, 2.913]",2.456,0.311,0.757,10.734,lm,43,2233667468.233,0.475,0.000,0.458,0,0,fp
k1,1.071,"[-3.142, 5.283]",4.212,0.424,0.673,10.734,lm,43,2233667468.233,0.475,0.000,1.071,0,0,fp
k2,1.224,"[-1.119, 3.566]",2.342,0.871,0.387,10.734,lm,43,2233667468.233,0.475,0.000,1.224,0,0,fp
k3,0.526,"[-1.951, 3.003]",2.477,0.354,0.724,10.734,lm,43,2233667468.233,0.475,0.000,0.526,0,0,fp
k4,-0.225,"[-2.918, 2.467]",2.692,-0.139,0.890,10.734,lm,43,2233667468.233,0.475,0.000,-0.225,0,0,fp
k5,-1.063,"[-4.114, 1.987]",3.050,-0.582,0.563,10.734,lm,43,2233667468.233,0.475,0.000,-1.063,0,0,fp
vot,0.407,,,,,10.734,lm,43,2233667468.233,0.475,0.167,0.240,0,0,fn
tt,-1.089,"[-1.447, -0.731]",0.358,-5.072,0.000,20.297,ngd+lm,43,131958498.073,0.116,-1.000,-0.089,0,0,fn
c,-6.286,"[-8.331, -4.241]",2.045,-5.127,0.000,20.297,ngd+lm,43,131958498.073,0.116,-6.000,-0.286,0,0,fn
s,-3.251,"[-4.329, -2.174]",1.077,-5.033,0.000,20.297,ngd+lm,43,131958498.073,0.116,-3.000,-0.251,0,0,fn
k0,-0.018,"[-0.465, 0.429]",0.447,-0.065,0.948,20.297,ngd+lm,43,131958498.073,0.116,0.000,-0.018,0,0,fp
k1,0.433,"[0.012, 0.854]",0.421,1.717,0.091,20.297,ngd+lm,43,131958498.073,0.116,0.000,0.433,0,1,fp
k2,0.112,"[-0.228, 0.453]",0.340,0.550,0.584,20.297,ngd+lm,43,131958498.073,0.116,0.000,0.112,0,0,fp
k3,0.676,"[0.215, 1.136]",0.461,2.447,0.017,20.297,ngd+lm,43,131958498.073,0.116,0.000,0.676,0,1,fp
k4,-0.266,"[-0.629, 0.096]",0.363,-1.225,0.225,20.297,ngd+lm,43,131958498.073,0.116,0.000,-0.266,0,0,fp
k5,0.230,"[-0.237, 0.698]",0.467,0.823,0.414,20.297,ngd+lm,43,131958498.073,0.116,0.000,0.230,0,0,fp
vot,0.173,,,,,20.297,ngd+lm,43,131958498.073,0.116,0.167,0.007,0,0,fn
tt,-0.768,"[-1.063, -0.472]",0.295,-4.338,0.000,10.003,ngd,44,195567795.586,0.144,-1.000,0.232,0,0,fn
c,-5.756,"[-7.739, -3.773]",1.983,-4.841,0.000,10.003,ngd,44,195567795.586,0.144,-6.000,0.244,0,0,fn
s,-2.351,"[-3.278, -1.423]",0.927,-4.228,0.000,10.003,ngd,44,195567795.586,0.144,-3.000,0.649,0,0,fn
k0,-0.117,"[-1.164, 0.93]",1.047,-0.186,0.853,10.003,ngd,44,195567795.586,0.144,0.000,-0.117,0,0,fp
k1,-0.362,"[-0.998, 0.274]",0.636,-0.949,0.346,10.003,ngd,44,195567795.586,0.144,0.000,-0.362,0,0,fp
k2,-1.144,"[-1.885, -0.402]",0.742,-2.572,0.012,10.003,ngd,44,195567795.586,0.144,0.000,-1.144,0,1,fp
k3,0.212,"[-0.538, 0.961]",0.749,0.471,0.639,10.003,ngd,44,195567795.586,0.144,0.000,0.212,0,0,fp
k4,0.290,"[-0.582, 1.162]",0.872,0.555,0.581,10.003,ngd,44,195567795.586,0.144,0.000,0.290,0,0,fp
k5,0.617,"[-0.081, 1.315]",0.698,1.473,0.145,10.003,ngd,44,195567795.586,0.144,0.000,0.617,0,0,fp
vot,0.133,,,,,10.003,ngd,44,195567795.586,0.144,0.167,-0.033,0,0,fn
tt,-1.104,"[-2.477, 0.268]",1.373,-1.342,0.184,10.286,lm,44,1765072411.406,0.431,-1.000,-0.104,1,0,fn
c,-4.290,"[-9.763, 1.183]",5.473,-1.307,0.196,10.286,lm,44,1765072411.406,0.431,-6.000,1.710,1,0,fn
s,-3.391,"[-7.784, 1.001]",4.392,-1.288,0.202,10.286,lm,44,1765072411.406,0.431,-3.000,-0.391,1,0,fn
k0,0.162,"[-1.783, 2.108]",1.945,0.139,0.890,10.286,lm,44,1765072411.406,0.431,0.000,0.162,0,0,fp
k1,1.366,"[-0.93, 3.662]",2.296,0.992,0.325,10.286,lm,44,1765072411.406,0.431,0.000,1.366,0,0,fp
k2,-1.937,"[-4.982, 1.108]",3.045,-1.061,0.293,10.286,lm,44,1765072411.406,0.431,0.000,-1.937,0,0,fp
k3,0.874,"[-1.147, 2.895]",2.021,0.721,0.473,10.286,lm,44,1765072411.406,0.431,0.000,0.874,0,0,fp
k4,1.180,"[-0.961, 3.321]",2.141,0.919,0.361,10.286,lm,44,1765072411.406,0.431,0.000,1.180,0,0,fp
k5,1.977,"[-0.796, 4.75]",2.773,1.189,0.239,10.286,lm,44,1765072411.406,0.431,0.000,1.977,0,0,fp
vot,0.257,,,,,10.286,lm,44,1765072411.406,0.431,0.167,0.091,0,0,fn
tt,-0.525,"[-0.686, -0.365]",0.161,-5.455,0.000,20.494,ngd+lm,44,137623902.406,0.120,-1.000,0.475,0,0,fn
c,-4.013,"[-5.124, -2.903]",1.110,-6.028,0.000,20.494,ngd+lm,44,137623902.406,0.120,-6.000,1.987,0,0,fn
s,-1.524,"[-1.976, -1.071]",0.452,-5.617,0.000,20.494,ngd+lm,44,137623902.406,0.120,-3.000,1.476,0,0,fn
k0,-0.739,"[-1.31, -0.169]",0.570,-2.163,0.034,20.494,ngd+lm,44,137623902.406,0.120,0.000,-0.739,0,1,fp
k1,-0.559,"[-0.923, -0.195]",0.364,-2.562,0.013,20.494,ngd+lm,44,137623902.406,0.120,0.000,-0.559,0,1,fp
k2,-0.203,"[-0.662, 0.256]",0.459,-0.738,0.463,20.494,ngd+lm,44,137623902.406,0.120,0.000,-0.203,0,0,fp
k3,0.620,"[0.188, 1.053]",0.433,2.391,0.020,20.494,ngd+lm,44,137623902.406,0.120,0.000,0.620,0,1,fp
k4,0.414,"[-0.086, 0.914]",0.500,1.382,0.171,20.494,ngd+lm,44,137623902.406,0.120,0.000,0.414,0,0,fp
k5,0.260,"[-0.122, 0.641]",0.381,1.135,0.260,20.494,ngd+lm,44,137623902.406,0.120,0.000,0.260,0,0,fp
vot,0.131,,,,,20.494,ngd+lm,44,137623902.406,0.120,0.167,-0.036,0,0,fn
tt,-1.059,"[-1.809, -0.31]",0.750,-2.357,0.021,9.924,ngd,45,417032538.766,0.212,-1.000,-0.059,0,0,fn
c,-5.410,"[-9.858, -0.962]",4.448,-2.029,0.046,9.924,ngd,45,417032538.766,0.212,-6.000,0.590,0,0,fn
s,-2.218,"[-3.78, -0.657]",1.561,-2.370,0.021,9.924,ngd,45,417032538.766,0.212,-3.000,0.782,0,0,fn
k0,0.808,"[-0.243, 1.86]",1.052,1.282,0.204,9.924,ngd,45,417032538.766,0.212,0.000,0.808,0,0,fp
k1,-0.260,"[-1.042, 0.522]",0.782,-0.555,0.581,9.924,ngd,45,417032538.766,0.212,0.000,-0.260,0,0,fp
k2,-1.261,"[-2.382, -0.141]",1.121,-1.877,0.065,9.924,ngd,45,417032538.766,0.212,0.000,-1.261,0,1,fp
k3,0.337,"[-0.947, 1.621]",1.284,0.438,0.663,9.924,ngd,45,417032538.766,0.212,0.000,0.337,0,0,fp
k4,-0.843,"[-1.995, 0.31]",1.153,-1.219,0.227,9.924,ngd,45,417032538.766,0.212,0.000,-0.843,0,0,fp
k5,-0.729,"[-2.057, 0.599]",1.328,-0.916,0.363,9.924,ngd,45,417032538.766,0.212,0.000,-0.729,0,0,fp
vot,0.196,,,,,9.924,ngd,45,417032538.766,0.212,0.167,0.029,0,0,fn
tt,-1.239,"[-1.646, -0.831]",0.407,-5.074,0.000,10.516,lm,45,130315226.358,0.119,-1.000,-0.239,0,0,fn
c,-7.131,"[-9.39, -4.872]",2.259,-5.265,0.000,10.516,lm,45,130315226.358,0.119,-6.000,-1.131,0,0,fn
s,-3.750,"[-4.927, -2.573]",1.177,-5.315,0.000,10.516,lm,45,130315226.358,0.119,-3.000,-0.750,0,0,fn
k0,-0.226,"[-0.819, 0.366]",0.592,-0.637,0.526,10.516,lm,45,130315226.358,0.119,0.000,-0.226,0,0,fp
k1,0.265,"[-0.183, 0.713]",0.448,0.987,0.327,10.516,lm,45,130315226.358,0.119,0.000,0.265,0,0,fp
k2,0.086,"[-0.517, 0.688]",0.602,0.238,0.813,10.516,lm,45,130315226.358,0.119,0.000,0.086,0,0,fp
k3,0.318,"[-0.297, 0.934]",0.616,0.863,0.391,10.516,lm,45,130315226.358,0.119,0.000,0.318,0,0,fp
k4,0.644,"[0.105, 1.184]",0.539,1.993,0.050,10.516,lm,45,130315226.358,0.119,0.000,0.644,0,1,fp
k5,-0.253,"[-0.816, 0.31]",0.563,-0.750,0.456,10.516,lm,45,130315226.358,0.119,0.000,-0.253,0,0,fp
vot,0.174,,,,,10.516,lm,45,130315226.358,0.119,0.167,0.007,0,0,fn
tt,-1.239,"[-1.646, -0.831]",0.407,-5.074,0.000,20.175,ngd+lm,45,130315226.356,0.119,-1.000,-0.239,0,0,fn
c,-7.131,"[-9.39, -4.872]",2.259,-5.265,0.000,20.175,ngd+lm,45,130315226.356,0.119,-6.000,-1.131,0,0,fn
s,-3.750,"[-4.927, -2.573]",1.177,-5.315,0.000,20.175,ngd+lm,45,130315226.356,0.119,-3.000,-0.750,0,0,fn
k0,-0.226,"[-0.819, 0.366]",0.592,-0.637,0.526,20.175,ngd+lm,45,130315226.356,0.119,0.000,-0.226,0,0,fp
k1,0.265,"[-0.183, 0.713]",0.448,0.987,0.327,20.175,ngd+lm,45,130315226.356,0.119,0.000,0.265,0,0,fp
k2,0.086,"[-0.517, 0.688]",0.602,0.238,0.813,20.175,ngd+lm,45,130315226.356,0.119,0.000,0.086,0,0,fp
k3,0.318,"[-0.297, 0.934]",0.616,0.863,0.391,20.175,ngd+lm,45,130315226.356,0.119,0.000,0.318,0,0,fp
k4,0.644,"[0.105, 1.184]",0.539,1.993,0.050,20.175,ngd+lm,45,130315226.356,0.119,0.000,0.644,0,1,fp
k5,-0.253,"[-0.816, 0.31]",0.563,-0.750,0.456,20.175,ngd+lm,45,130315226.356,0.119,0.000,-0.253,0,0,fp
vot,0.174,,,,,20.175,ngd+lm,45,130315226.356,0.119,0.167,0.007,0,0,fn
tt,-1.242,"[-1.817, -0.668]",0.574,-3.609,0.001,10.032,ngd,46,295310057.920,0.176,-1.000,-0.242,0,0,fn
c,-5.632,"[-8.309, -2.955]",2.677,-3.509,0.001,10.032,ngd,46,295310057.920,0.176,-6.000,0.368,0,0,fn
s,-2.883,"[-4.364, -1.402]",1.481,-3.247,0.002,10.032,ngd,46,295310057.920,0.176,-3.000,0.117,0,0,fn
k0,-0.715,"[-1.439, 0.009]",0.724,-1.647,0.104,10.032,ngd,46,295310057.920,0.176,0.000,-0.715,0,0,fp
k1,0.215,"[-0.698, 1.127]",0.912,0.392,0.696,10.032,ngd,46,295310057.920,0.176,0.000,0.215,0,0,fp
k2,-0.475,"[-1.41, 0.46]",0.935,-0.847,0.400,10.032,ngd,46,295310057.920,0.176,0.000,-0.475,0,0,fp
k3,0.321,"[-0.599, 1.241]",0.920,0.582,0.562,10.032,ngd,46,295310057.920,0.176,0.000,0.321,0,0,fp
k4,0.099,"[-0.568, 0.767]",0.668,0.247,0.805,10.032,ngd,46,295310057.920,0.176,0.000,0.099,0,0,fp
k5,-0.906,"[-2.049, 0.237]",1.143,-1.322,0.191,10.032,ngd,46,295310057.920,0.176,0.000,-0.906,0,0,fp
vot,0.221,,,,,10.032,ngd,46,295310057.920,0.176,0.167,0.054,0,0,fn
tt,-1.777,"[-3.919, 0.364]",2.141,-1.384,0.171,10.264,lm,46,1588065585.300,0.409,-1.000,-0.777,1,0,fn
c,-4.615,"[-10.79, 1.56]",6.175,-1.246,0.217,10.264,lm,46,1588065585.300,0.409,-6.000,1.385,1,0,fn
s,-2.807,"[-6.688, 1.075]",3.881,-1.206,0.232,10.264,lm,46,1588065585.300,0.409,-3.000,0.193,1,0,fn
k0,-1.931,"[-4.148, 0.285]",2.217,-1.453,0.151,10.264,lm,46,1588065585.300,0.409,0.000,-1.931,0,0,fp
k1,1.637,"[-0.79, 4.065]",2.427,1.125,0.265,10.264,lm,46,1588065585.300,0.409,0.000,1.637,0,0,fp
k2,-0.411,"[-1.663, 0.842]",1.253,-0.547,0.586,10.264,lm,46,1588065585.300,0.409,0.000,-0.411,0,0,fp
k3,1.068,"[-1.226, 3.362]",2.294,0.777,0.440,10.264,lm,46,1588065585.300,0.409,0.000,1.068,0,0,fp
k4,1.279,"[-1.13, 3.688]",2.409,0.885,0.379,10.264,lm,46,1588065585.300,0.409,0.000,1.279,0,0,fp
k5,-1.149,"[-3.809, 1.51]",2.659,-0.721,0.474,10.264,lm,46,1588065585.300,0.409,0.000,-1.149,0,0,fp
vot,0.385,,,,,10.264,lm,46,1588065585.300,0.409,0.167,0.219,0,0,fn
tt,-0.878,"[-1.169, -0.586]",0.292,-5.017,0.000,20.478,ngd+lm,46,141325875.027,0.122,-1.000,0.122,0,0,fn
c,-5.240,"[-6.978, -3.502]",1.738,-5.030,0.000,20.478,ngd+lm,46,141325875.027,0.122,-6.000,0.760,0,0,fn
s,-2.731,"[-3.687, -1.775]",0.956,-4.763,0.000,20.478,ngd+lm,46,141325875.027,0.122,-3.000,0.269,0,0,fn
k0,-0.175,"[-0.61, 0.26]",0.435,-0.670,0.505,20.478,ngd+lm,46,141325875.027,0.122,0.000,-0.175,0,0,fp
k1,-0.301,"[-0.82, 0.218]",0.519,-0.967,0.337,20.478,ngd+lm,46,141325875.027,0.122,0.000,-0.301,0,0,fp
k2,-0.174,"[-0.646, 0.299]",0.472,-0.614,0.541,20.478,ngd+lm,46,141325875.027,0.122,0.000,-0.174,0,0,fp
k3,0.275,"[-0.298, 0.848]",0.573,0.802,0.426,20.478,ngd+lm,46,141325875.027,0.122,0.000,0.275,0,0,fp
k4,0.000,"[-0.36, 0.361]",0.360,0.002,0.999,20.478,ngd+lm,46,141325875.027,0.122,0.000,0.000,0,0,fp
k5,0.344,"[-0.213, 0.9]",0.557,1.029,0.307,20.478,ngd+lm,46,141325875.027,0.122,0.000,0.344,0,0,fp
vot,0.167,,,,,20.478,ngd+lm,46,141325875.027,0.122,0.167,0.001,0,0,fn
tt,-1.262,"[-2.13, -0.395]",0.867,-2.427,0.018,9.837,ngd,47,332861451.072,0.189,-1.000,-0.262,0,0,fn
c,-5.662,"[-9.771, -1.553]",4.109,-2.298,0.025,9.837,ngd,47,332861451.072,0.189,-6.000,0.338,0,0,fn
s,-3.966,"[-6.421, -1.511]",2.455,-2.694,0.009,9.837,ngd,47,332861451.072,0.189,-3.000,-0.966,0,0,fn
k0,1.524,"[0.151, 2.896]",1.372,1.852,0.068,9.837,ngd,47,332861451.072,0.189,0.000,1.524,0,1,fp
k1,0.083,"[-1.074, 1.239]",1.157,0.119,0.905,9.837,ngd,47,332861451.072,0.189,0.000,0.083,0,0,fp
k2,-0.097,"[-1.448, 1.254]",1.351,-0.120,0.905,9.837,ngd,47,332861451.072,0.189,0.000,-0.097,0,0,fp
k3,-0.552,"[-1.894, 0.79]",1.342,-0.686,0.495,9.837,ngd,47,332861451.072,0.189,0.000,-0.552,0,0,fp
k4,1.023,"[-0.461, 2.506]",1.483,1.150,0.254,9.837,ngd,47,332861451.072,0.189,0.000,1.023,0,0,fp
k5,-1.495,"[-3.048, 0.058]",1.553,-1.605,0.113,9.837,ngd,47,332861451.072,0.189,0.000,-1.495,0,0,fp
vot,0.223,,,,,9.837,ngd,47,332861451.072,0.189,0.167,0.056,0,0,fn
tt,-125.374,"[-34306632.858, 34306382.11]",34306507.484,-0.000,1.000,10.338,lm,47,1904015089.865,0.453,-1.000,-124.374,1,0,fn
c,-793.855,"[-46939850.647, 46938262.937]",46939056.792,-0.000,1.000,10.338,lm,47,1904015089.865,0.453,-6.000,-787.855,1,0,fn
s,-348.485,"[-8111666.792, 8110969.822]",8111318.307,-0.000,1.000,10.338,lm,47,1904015089.865,0.453,-3.000,-345.485,1,0,fn
k0,125.992,"[-44607029.334, 44607281.318]",44607155.326,0.000,1.000,10.338,lm,47,1904015089.865,0.453,0.000,125.992,0,0,fp
k1,424.206,"[-42204830.523, 42205678.935]",42205254.729,0.000,1.000,10.338,lm,47,1904015089.865,0.453,0.000,424.206,0,0,fp
k2,-232.920,"[-25763651.714, 25763185.875]",25763418.794,-0.000,1.000,10.338,lm,47,1904015089.865,0.453,0.000,-232.920,0,0,fp
k3,761.017,"[-26989154.016, 26990676.05]",26989915.033,0.000,1.000,10.338,lm,47,1904015089.865,0.453,0.000,761.017,0,0,fp
k4,-86.442,"[-9508547.048, 9508374.165]",9508460.606,-0.000,1.000,10.338,lm,47,1904015089.865,0.453,0.000,-86.442,0,0,fp
k5,-321.958,"[-18796233.925, 18795590.009]",18795911.967,-0.000,1.000,10.338,lm,47,1904015089.865,0.453,0.000,-321.958,0,0,fp
vot,0.158,,,,,10.338,lm,47,1904015089.865,0.453,0.167,-0.009,0,0,fn
tt,-0.912,"[-1.179, -0.645]",0.267,-5.698,0.000,20.191,ngd+lm,47,170842762.276,0.136,-1.000,0.088,0,0,fn
c,-6.088,"[-8.03, -4.147]",1.942,-5.230,0.000,20.191,ngd+lm,47,170842762.276,0.136,-6.000,-0.088,0,0,fn
s,-3.419,"[-4.513, -2.326]",1.094,-5.215,0.000,20.191,ngd+lm,47,170842762.276,0.136,-3.000,-0.419,0,0,fn
k0,-0.267,"[-0.84, 0.306]",0.573,-0.778,0.439,20.191,ngd+lm,47,170842762.276,0.136,0.000,-0.267,0,0,fp
k1,0.312,"[-0.321, 0.946]",0.634,0.822,0.414,20.191,ngd+lm,47,170842762.276,0.136,0.000,0.312,0,0,fp
k2,0.739,"[-0.168, 1.646]",0.907,1.359,0.179,20.191,ngd+lm,47,170842762.276,0.136,0.000,0.739,0,0,fp
k3,-0.769,"[-1.643, 0.104]",0.873,-1.469,0.146,20.191,ngd+lm,47,170842762.276,0.136,0.000,-0.769,0,0,fp
k4,-0.034,"[-0.709, 0.641]",0.675,-0.085,0.933,20.191,ngd+lm,47,170842762.276,0.136,0.000,-0.034,0,0,fp
k5,-0.095,"[-0.875, 0.684]",0.779,-0.204,0.839,20.191,ngd+lm,47,170842762.276,0.136,0.000,-0.095,0,0,fp
vot,0.150,,,,,20.191,ngd+lm,47,170842762.276,0.136,0.167,-0.017,0,0,fn
tt,-0.873,"[-1.3, -0.446]",0.427,-3.407,0.001,10.047,ngd,48,189426769.861,0.138,-1.000,0.127,0,0,fn
c,-5.532,"[-8.087, -2.977]",2.555,-3.611,0.001,10.047,ngd,48,189426769.861,0.138,-6.000,0.468,0,0,fn
s,-3.476,"[-5.316, -1.636]",1.840,-3.151,0.002,10.047,ngd,48,189426769.861,0.138,-3.000,-0.476,0,0,fn
k0,-0.509,"[-1.465, 0.447]",0.956,-0.888,0.378,10.047,ngd,48,189426769.861,0.138,0.000,-0.509,0,0,fp
k1,0.564,"[-0.115, 1.244]",0.679,1.385,0.171,10.047,ngd,48,189426769.861,0.138,0.000,0.564,0,0,fp
k2,0.754,"[-0.212, 1.72]",0.966,1.302,0.197,10.047,ngd,48,189426769.861,0.138,0.000,0.754,0,0,fp
k3,-0.716,"[-1.44, 0.009]",0.725,-1.648,0.104,10.047,ngd,48,189426769.861,0.138,0.000,-0.716,0,0,fp
k4,-0.998,"[-2.015, 0.02]",1.018,-1.635,0.107,10.047,ngd,48,189426769.861,0.138,0.000,-0.998,0,0,fp
k5,-0.033,"[-0.501, 0.436]",0.468,-0.116,0.908,10.047,ngd,48,189426769.861,0.138,0.000,-0.033,0,0,fp
vot,0.158,,,,,10.047,ngd,48,189426769.861,0.138,0.167,-0.009,0,0,fn
tt,-1.156,"[-2.314, 0.001]",1.158,-1.666,0.100,10.305,lm,48,821728738.501,0.287,-1.000,-0.156,1,0,fn
c,-4.103,"[-8.528, 0.322]",4.425,-1.547,0.127,10.305,lm,48,821728738.501,0.287,-6.000,1.897,1,0,fn
s,-4.261,"[-8.701, 0.179]",4.440,-1.601,0.114,10.305,lm,48,821728738.501,0.287,-3.000,-1.261,1,0,fn
k0,-0.530,"[-2.581, 1.521]",2.051,-0.431,0.668,10.305,lm,48,821728738.501,0.287,0.000,-0.530,0,0,fp
k1,1.994,"[-0.924, 4.912]",2.918,1.140,0.258,10.305,lm,48,821728738.501,0.287,0.000,1.994,0,0,fp
k2,1.757,"[-0.215, 3.729]",1.972,1.486,0.142,10.305,lm,48,821728738.501,0.287,0.000,1.757,0,0,fp
k3,-0.150,"[-1.549, 1.249]",1.399,-0.179,0.859,10.305,lm,48,821728738.501,0.287,0.000,-0.150,0,0,fp
k4,-0.476,"[-1.716, 0.765]",1.240,-0.640,0.525,10.305,lm,48,821728738.501,0.287,0.000,-0.476,0,0,fp
k5,-1.630,"[-3.497, 0.237]",1.867,-1.456,0.150,10.305,lm,48,821728738.501,0.287,0.000,-1.630,0,0,fp
vot,0.282,,,,,10.305,lm,48,821728738.501,0.287,0.167,0.115,0,0,fn
tt,-2.063,"[-3.092, -1.034]",1.029,-3.345,0.001,20.424,ngd+lm,48,149820787.033,0.123,-1.000,-1.063,0,0,fn
c,-14.278,"[-21.468, -7.089]",7.190,-3.312,0.001,20.424,ngd+lm,48,149820787.033,0.123,-6.000,-8.278,0,0,fn
s,-12.707,"[-19.752, -5.662]",7.045,-3.009,0.004,20.424,ngd+lm,48,149820787.033,0.123,-3.000,-9.707,0,0,fn
k0,-3.269,"[-5.566, -0.972]",2.297,-2.373,0.020,20.424,ngd+lm,48,149820787.033,0.123,0.000,-3.269,0,1,fp
k1,-1.720,"[-3.256, -0.185]",1.536,-1.868,0.066,20.424,ngd+lm,48,149820787.033,0.123,0.000,-1.720,0,1,fp
k2,4.428,"[1.385, 7.471]",3.043,2.427,0.018,20.424,ngd+lm,48,149820787.033,0.123,0.000,4.428,0,1,fp
k3,-2.335,"[-4.235, -0.436]",1.900,-2.050,0.044,20.424,ngd+lm,48,149820787.033,0.123,0.000,-2.335,0,1,fp
k4,-3.924,"[-6.38, -1.468]",2.456,-2.665,0.010,20.424,ngd+lm,48,149820787.033,0.123,0.000,-3.924,0,1,fp
k5,1.650,"[0.463, 2.838]",1.187,2.318,0.023,20.424,ngd+lm,48,149820787.033,0.123,0.000,1.650,0,1,fp
vot,0.145,,,,,20.424,ngd+lm,48,149820787.033,0.123,0.167,-0.022,0,0,fn
tt,-1.126,"[-1.56, -0.691]",0.434,-4.323,0.000,10.113,ngd,49,266923200.807,0.167,-1.000,-0.126,0,0,fn
c,-7.544,"[-10.413, -4.675]",2.869,-4.386,0.000,10.113,ngd,49,266923200.807,0.167,-6.000,-1.544,0,0,fn
s,-3.741,"[-5.095, -2.388]",1.354,-4.610,0.000,10.113,ngd,49,266923200.807,0.167,-3.000,-0.741,0,0,fn
k0,-0.294,"[-0.913, 0.324]",0.619,-0.794,0.430,10.113,ngd,49,266923200.807,0.167,0.000,-0.294,0,0,fp
k1,0.038,"[-0.513, 0.59]",0.552,0.115,0.908,10.113,ngd,49,266923200.807,0.167,0.000,0.038,0,0,fp
k2,0.055,"[-0.814, 0.925]",0.869,0.106,0.916,10.113,ngd,49,266923200.807,0.167,0.000,0.055,0,0,fp
k3,0.672,"[-0.053, 1.397]",0.725,1.547,0.127,10.113,ngd,49,266923200.807,0.167,0.000,0.672,0,0,fp
k4,0.509,"[-0.039, 1.057]",0.548,1.550,0.126,10.113,ngd,49,266923200.807,0.167,0.000,0.509,0,0,fp
k5,-0.138,"[-0.52, 0.243]",0.381,-0.606,0.547,10.113,ngd,49,266923200.807,0.167,0.000,-0.138,0,0,fp
vot,0.149,,,,,10.113,ngd,49,266923200.807,0.167,0.167,-0.017,0,0,fn
tt,0.327,"[-0.388, 1.041]",0.714,0.762,0.448,10.567,lm,49,3635721113.587,0.615,-1.000,1.327,1,0,fn
c,-7.766,"[-23.943, 8.411]",16.177,-0.801,0.426,10.567,lm,49,3635721113.587,0.615,-6.000,-1.766,1,0,fn
s,-3.237,"[-10.387, 3.913]",7.150,-0.755,0.453,10.567,lm,49,3635721113.587,0.615,-3.000,-0.237,1,0,fn
k0,-0.183,"[-5.347, 4.981]",5.164,-0.059,0.953,10.567,lm,49,3635721113.587,0.615,0.000,-0.183,0,0,fp
k1,-0.763,"[-3.885, 2.359]",3.122,-0.407,0.685,10.567,lm,49,3635721113.587,0.615,0.000,-0.763,0,0,fp
k2,0.630,"[-3.486, 4.745]",4.115,0.255,0.799,10.567,lm,49,3635721113.587,0.615,0.000,0.630,0,0,fp
k3,0.389,"[-3.91, 4.688]",4.299,0.151,0.881,10.567,lm,49,3635721113.587,0.615,0.000,0.389,0,0,fp
k4,1.259,"[-2.14, 4.657]",3.398,0.618,0.539,10.567,lm,49,3635721113.587,0.615,0.000,1.259,0,0,fp
k5,-1.598,"[-7.7, 4.504]",6.102,-0.437,0.664,10.567,lm,49,3635721113.587,0.615,0.000,-1.598,0,0,fp
vot,-0.042,,,,,10.567,lm,49,3635721113.587,0.615,0.167,-0.209,0,0,fn
tt,-0.635,"[-0.827, -0.443]",0.192,-5.520,0.000,20.703,ngd+lm,49,171727472.737,0.134,-1.000,0.365,0,0,fn
c,-3.889,"[-5.03, -2.747]",1.142,-5.680,0.000,20.703,ngd+lm,49,171727472.737,0.134,-6.000,2.111,0,0,fn
s,-1.926,"[-2.461, -1.39]",0.535,-5.998,0.000,20.703,ngd+lm,49,171727472.737,0.134,-3.000,1.074,0,0,fn
k0,-0.093,"[-0.418, 0.233]",0.326,-0.474,0.637,20.703,ngd+lm,49,171727472.737,0.134,0.000,-0.093,0,0,fp
k1,0.141,"[-0.163, 0.444]",0.304,0.772,0.443,20.703,ngd+lm,49,171727472.737,0.134,0.000,0.141,0,0,fp
k2,0.131,"[-0.259, 0.522]",0.391,0.560,0.577,20.703,ngd+lm,49,171727472.737,0.134,0.000,0.131,0,0,fp
k3,0.048,"[-0.269, 0.365]",0.317,0.252,0.802,20.703,ngd+lm,49,171727472.737,0.134,0.000,0.048,0,0,fp
k4,0.302,"[0.026, 0.578]",0.276,1.826,0.072,20.703,ngd+lm,49,171727472.737,0.134,0.000,0.302,0,1,fp
k5,0.081,"[-0.127, 0.288]",0.207,0.649,0.518,20.703,ngd+lm,49,171727472.737,0.134,0.000,0.081,0,0,fp
vot,0.163,,,,,20.703,ngd+lm,49,171727472.737,0.134,0.167,-0.003,0,0,fn
tt,-0.916,"[-1.562, -0.27]",0.646,-2.366,0.021,9.898,ngd,50,438216519.190,0.215,-1.000,0.084,0,0,fn
c,-5.951,"[-10.247, -1.655]",4.296,-2.310,0.024,9.898,ngd,50,438216519.190,0.215,-6.000,0.049,0,0,fn
s,-4.115,"[-6.647, -1.582]",2.532,-2.710,0.009,9.898,ngd,50,438216519.190,0.215,-3.000,-1.115,0,0,fn
k0,0.646,"[-0.249, 1.54]",0.894,1.204,0.233,9.898,ngd,50,438216519.190,0.215,0.000,0.646,0,0,fp
k1,-0.986,"[-1.761, -0.21]",0.776,-2.120,0.038,9.898,ngd,50,438216519.190,0.215,0.000,-0.986,0,1,fp
k2,0.553,"[-0.58, 1.685]",1.133,0.814,0.419,9.898,ngd,50,438216519.190,0.215,0.000,0.553,0,0,fp
k3,0.737,"[-0.235, 1.709]",0.972,1.265,0.210,9.898,ngd,50,438216519.190,0.215,0.000,0.737,0,0,fp
k4,1.279,"[0.024, 2.534]",1.255,1.699,0.094,9.898,ngd,50,438216519.190,0.215,0.000,1.279,0,1,fp
k5,0.983,"[-0.375, 2.341]",1.358,1.208,0.231,9.898,ngd,50,438216519.190,0.215,0.000,0.983,0,0,fp
vot,0.154,,,,,9.898,ngd,50,438216519.190,0.215,0.167,-0.013,0,0,fn
tt,-2.700,"[-7.704, 2.304]",5.004,-0.900,0.371,10.691,lm,50,2379953600.923,0.501,-1.000,-1.700,1,0,fn
c,-5.233,"[-15.545, 5.08]",10.313,-0.846,0.400,10.691,lm,50,2379953600.923,0.501,-6.000,0.767,1,0,fn
s,-3.712,"[-10.576, 3.153]",6.864,-0.902,0.370,10.691,lm,50,2379953600.923,0.501,-3.000,-0.712,1,0,fn
k0,1.427,"[-1.813, 4.667]",3.240,0.735,0.465,10.691,lm,50,2379953600.923,0.501,0.000,1.427,0,0,fp
k1,-0.745,"[-3.792, 2.303]",3.048,-0.408,0.685,10.691,lm,50,2379953600.923,0.501,0.000,-0.745,0,0,fp
k2,1.003,"[-2.002, 4.008]",3.005,0.557,0.580,10.691,lm,50,2379953600.923,0.501,0.000,1.003,0,0,fp
k3,0.972,"[-3.931, 5.876]",4.904,0.331,0.742,10.691,lm,50,2379953600.923,0.501,0.000,0.972,0,0,fp
k4,1.564,"[-3.408, 6.536]",4.972,0.525,0.602,10.691,lm,50,2379953600.923,0.501,0.000,1.564,0,0,fp
k5,1.610,"[-2.383, 5.603]",3.993,0.673,0.504,10.691,lm,50,2379953600.923,0.501,0.000,1.610,0,0,fp
vot,0.516,,,,,10.691,lm,50,2379953600.923,0.501,0.167,0.349,0,0,fn
tt,-0.695,"[-0.978, -0.412]",0.283,-4.092,0.000,20.308,ngd+lm,50,202533539.264,0.146,-1.000,0.305,0,0,fn
c,-4.116,"[-5.896, -2.337]",1.779,-3.859,0.000,20.308,ngd+lm,50,202533539.264,0.146,-6.000,1.884,0,0,fn
s,-2.450,"[-3.342, -1.557]",0.893,-4.578,0.000,20.308,ngd+lm,50,202533539.264,0.146,-3.000,0.550,0,0,fn
k0,-0.207,"[-0.69, 0.275]",0.482,-0.718,0.475,20.308,ngd+lm,50,202533539.264,0.146,0.000,-0.207,0,0,fp
k1,0.143,"[-0.202, 0.488]",0.345,0.693,0.490,20.308,ngd+lm,50,202533539.264,0.146,0.000,0.143,0,0,fp
k2,0.121,"[-0.45, 0.692]",0.571,0.353,0.725,20.308,ngd+lm,50,202533539.264,0.146,0.000,0.121,0,0,fp
k3,-0.109,"[-0.599, 0.382]",0.490,-0.369,0.713,20.308,ngd+lm,50,202533539.264,0.146,0.000,-0.109,0,0,fp
k4,0.442,"[-0.224, 1.108]",0.666,1.107,0.272,20.308,ngd+lm,50,202533539.264,0.146,0.000,0.442,0,0,fp
k5,-0.175,"[-0.746, 0.396]",0.571,-0.511,0.611,20.308,ngd+lm,50,202533539.264,0.146,0.000,-0.175,0,0,fp
vot,0.169,,,,,20.308,ngd+lm,50,202533539.264,0.146,0.167,0.002,0,0,fn
tt,-1.545,"[-2.247, -0.844]",0.702,-3.674,0.000,10.596,ngd,51,224338388.143,0.150,-1.000,-0.545,0,0,fn
c,-6.862,"[-10.141, -3.583]",3.279,-3.490,0.001,10.596,ngd,51,224338388.143,0.150,-6.000,-0.862,0,0,fn
s,-3.319,"[-4.82, -1.819]",1.500,-3.691,0.000,10.596,ngd,51,224338388.143,0.150,-3.000,-0.319,0,0,fn
k0,-0.313,"[-1.221, 0.595]",0.908,-0.574,0.568,10.596,ngd,51,224338388.143,0.150,0.000,-0.313,0,0,fp
k1,-0.164,"[-0.866, 0.538]",0.702,-0.390,0.698,10.596,ngd,51,224338388.143,0.150,0.000,-0.164,0,0,fp
k2,-0.611,"[-1.4, 0.178]",0.789,-1.292,0.201,10.596,ngd,51,224338388.143,0.150,0.000,-0.611,0,0,fp
k3,0.047,"[-0.631, 0.725]",0.678,0.115,0.909,10.596,ngd,51,224338388.143,0.150,0.000,0.047,0,0,fp
k4,1.520,"[0.012, 3.027]",1.508,1.681,0.097,10.596,ngd,51,224338388.143,0.150,0.000,1.520,0,1,fp
k5,0.004,"[-0.639, 0.647]",0.643,0.011,0.992,10.596,ngd,51,224338388.143,0.150,0.000,0.004,0,0,fp
vot,0.225,,,,,10.596,ngd,51,224338388.143,0.150,0.167,0.059,0,0,fn
tt,-0.814,"[-1.558, -0.07]",0.744,-1.825,0.072,10.390,lm,51,1235069372.037,0.352,-1.000,0.186,0,0,fn
c,-7.121,"[-13.051, -1.191]",5.930,-2.003,0.049,10.390,lm,51,1235069372.037,0.352,-6.000,-1.121,0,0,fn
s,-1.432,"[-2.751, -0.113]",1.319,-1.811,0.075,10.390,lm,51,1235069372.037,0.352,-3.000,1.568,0,0,fn
k0,-0.005,"[-1.177, 1.167]",1.172,-0.008,0.994,10.390,lm,51,1235069372.037,0.352,0.000,-0.005,0,0,fp
k1,0.138,"[-0.922, 1.198]",1.060,0.217,0.829,10.390,lm,51,1235069372.037,0.352,0.000,0.138,0,0,fp
k2,-1.499,"[-3.058, 0.06]",1.559,-1.604,0.113,10.390,lm,51,1235069372.037,0.352,0.000,-1.499,0,0,fp
k3,0.888,"[-0.486, 2.262]",1.374,1.078,0.285,10.390,lm,51,1235069372.037,0.352,0.000,0.888,0,0,fp
k4,1.946,"[-0.278, 4.17]",2.224,1.459,0.149,10.390,lm,51,1235069372.037,0.352,0.000,1.946,0,0,fp
k5,1.314,"[-0.009, 2.637]",1.323,1.656,0.102,10.390,lm,51,1235069372.037,0.352,0.000,1.314,0,0,fp
vot,0.114,,,,,10.390,lm,51,1235069372.037,0.352,0.167,-0.052,0,0,fn
tt,-0.974,"[-1.347, -0.601]",0.373,-4.351,0.000,21.229,ngd+lm,51,159030646.697,0.126,-1.000,0.026,0,0,fn
c,-5.281,"[-7.429, -3.134]",2.148,-4.101,0.000,21.229,ngd+lm,51,159030646.697,0.126,-6.000,0.719,0,0,fn
s,-2.780,"[-3.788, -1.772]",1.008,-4.601,0.000,21.229,ngd+lm,51,159030646.697,0.126,-3.000,0.220,0,0,fn
k0,-0.169,"[-0.779, 0.441]",0.610,-0.462,0.646,21.229,ngd+lm,51,159030646.697,0.126,0.000,-0.169,0,0,fp
k1,0.121,"[-0.366, 0.608]",0.487,0.414,0.680,21.229,ngd+lm,51,159030646.697,0.126,0.000,0.121,0,0,fp
k2,0.144,"[-0.364, 0.653]",0.508,0.474,0.637,21.229,ngd+lm,51,159030646.697,0.126,0.000,0.144,0,0,fp
k3,-0.194,"[-0.661, 0.273]",0.467,-0.692,0.491,21.229,ngd+lm,51,159030646.697,0.126,0.000,-0.194,0,0,fp
k4,0.617,"[-0.343, 1.577]",0.960,1.072,0.287,21.229,ngd+lm,51,159030646.697,0.126,0.000,0.617,0,0,fp
k5,-0.325,"[-0.788, 0.138]",0.463,-1.169,0.246,21.229,ngd+lm,51,159030646.697,0.126,0.000,-0.325,0,0,fp
vot,0.184,,,,,21.229,ngd+lm,51,159030646.697,0.126,0.167,0.018,0,0,fn
tt,-0.927,"[-1.437, -0.417]",0.510,-3.033,0.003,9.993,ngd,52,348596541.513,0.192,-1.000,0.073,0,0,fn
c,-4.974,"[-7.715, -2.232]",2.742,-3.026,0.004,9.993,ngd,52,348596541.513,0.192,-6.000,1.026,0,0,fn
s,-3.662,"[-5.681, -1.642]",2.019,-3.024,0.004,9.993,ngd,52,348596541.513,0.192,-3.000,-0.662,0,0,fn
k0,0.195,"[-0.45, 0.84]",0.645,0.505,0.615,9.993,ngd,52,348596541.513,0.192,0.000,0.195,0,0,fp
k1,-0.805,"[-1.72, 0.11]",0.915,-1.468,0.147,9.993,ngd,52,348596541.513,0.192,0.000,-0.805,0,0,fp
k2,-0.441,"[-1.175, 0.292]",0.733,-1.004,0.319,9.993,ngd,52,348596541.513,0.192,0.000,-0.441,0,0,fp
k3,-0.843,"[-1.804, 0.117]",0.960,-1.465,0.148,9.993,ngd,52,348596541.513,0.192,0.000,-0.843,0,0,fp
k4,-0.850,"[-1.737, 0.037]",0.887,-1.597,0.115,9.993,ngd,52,348596541.513,0.192,0.000,-0.850,0,0,fp
k5,1.395,"[0.262, 2.528]",1.133,2.053,0.044,9.993,ngd,52,348596541.513,0.192,0.000,1.395,0,1,fp
vot,0.186,,,,,9.993,ngd,52,348596541.513,0.192,0.167,0.020,0,0,fn
tt,-0.977,"[-1.379, -0.575]",0.402,-4.054,0.000,10.405,lm,52,177446934.136,0.137,-1.000,0.023,0,0,fn
c,-5.600,"[-7.897, -3.303]",2.297,-4.067,0.000,10.405,lm,52,177446934.136,0.137,-6.000,0.400,0,0,fn
s,-3.044,"[-4.339, -1.75]",1.295,-3.922,0.000,10.405,lm,52,177446934.136,0.137,-3.000,-0.044,0,0,fn
k0,0.460,"[0.011, 0.909]",0.449,1.708,0.092,10.405,lm,52,177446934.136,0.137,0.000,0.460,0,1,fp
k1,-0.334,"[-0.924, 0.256]",0.590,-0.944,0.348,10.405,lm,52,177446934.136,0.137,0.000,-0.334,0,0,fp
k2,0.079,"[-0.321, 0.479]",0.400,0.329,0.743,10.405,lm,52,177446934.136,0.137,0.000,0.079,0,0,fp
k3,-0.185,"[-0.573, 0.203]",0.388,-0.796,0.429,10.405,lm,52,177446934.136,0.137,0.000,-0.185,0,0,fp
k4,0.060,"[-0.398, 0.518]",0.458,0.218,0.828,10.405,lm,52,177446934.136,0.137,0.000,0.060,0,0,fp
k5,0.421,"[-0.185, 1.027]",0.606,1.158,0.251,10.405,lm,52,177446934.136,0.137,0.000,0.421,0,0,fp
vot,0.175,,,,,10.405,lm,52,177446934.136,0.137,0.167,0.008,0,0,fn
tt,-1.042,"[-1.491, -0.593]",0.449,-3.870,0.000,21.469,ngd+lm,52,177310783.406,0.137,-1.000,-0.042,0,0,fn
c,-5.932,"[-8.474, -3.391]",2.542,-3.893,0.000,21.469,ngd+lm,52,177310783.406,0.137,-6.000,0.068,0,0,fn
s,-3.234,"[-4.666, -1.802]",1.432,-3.767,0.000,21.469,ngd+lm,52,177310783.406,0.137,-3.000,-0.234,0,0,fn
k0,0.450,"[-0.015, 0.915]",0.465,1.612,0.112,21.469,ngd+lm,52,177310783.406,0.137,0.000,0.450,0,0,fp
k1,-0.252,"[-0.89, 0.387]",0.638,-0.658,0.513,21.469,ngd+lm,52,177310783.406,0.137,0.000,-0.252,0,0,fp
k2,0.067,"[-0.343, 0.476]",0.409,0.271,0.787,21.469,ngd+lm,52,177310783.406,0.137,0.000,0.067,0,0,fp
k3,-0.176,"[-0.579, 0.226]",0.403,-0.729,0.468,21.469,ngd+lm,52,177310783.406,0.137,0.000,-0.176,0,0,fp
k4,0.027,"[-0.461, 0.516]",0.489,0.093,0.926,21.469,ngd+lm,52,177310783.406,0.137,0.000,0.027,0,0,fp
k5,0.388,"[-0.235, 1.011]",0.623,1.038,0.303,21.469,ngd+lm,52,177310783.406,0.137,0.000,0.388,0,0,fp
vot,0.176,,,,,21.469,ngd+lm,52,177310783.406,0.137,0.167,0.009,0,0,fn
tt,-1.600,"[-2.409, -0.792]",0.808,-3.302,0.002,9.896,ngd,53,289225991.502,0.174,-1.000,-0.600,0,0,fn
c,-7.288,"[-11.014, -3.561]",3.727,-3.262,0.002,9.896,ngd,53,289225991.502,0.174,-6.000,-1.288,0,0,fn
s,-3.852,"[-5.76, -1.943]",1.909,-3.365,0.001,9.896,ngd,53,289225991.502,0.174,-3.000,-0.852,0,0,fn
k0,0.174,"[-0.617, 0.965]",0.791,0.367,0.715,9.896,ngd,53,289225991.502,0.174,0.000,0.174,0,0,fp
k1,-0.090,"[-0.673, 0.493]",0.583,-0.257,0.798,9.896,ngd,53,289225991.502,0.174,0.000,-0.090,0,0,fp
k2,0.389,"[-0.293, 1.071]",0.682,0.952,0.345,9.896,ngd,53,289225991.502,0.174,0.000,0.389,0,0,fp
k3,-1.266,"[-2.312, -0.221]",1.045,-2.020,0.047,9.896,ngd,53,289225991.502,0.174,0.000,-1.266,0,1,fp
k4,-0.764,"[-1.597, 0.07]",0.834,-1.528,0.131,9.896,ngd,53,289225991.502,0.174,0.000,-0.764,0,0,fp
k5,0.350,"[-0.322, 1.021]",0.671,0.869,0.388,9.896,ngd,53,289225991.502,0.174,0.000,0.350,0,0,fp
vot,0.220,,,,,9.896,ngd,53,289225991.502,0.174,0.167,0.053,0,0,fn
tt,-0.877,"[-1.17, -0.584]",0.293,-4.990,0.000,10.240,lm,53,180841326.697,0.137,-1.000,0.123,0,0,fn
c,-5.161,"[-6.863, -3.458]",1.702,-5.056,0.000,10.240,lm,53,180841326.697,0.137,-6.000,0.839,0,0,fn
s,-2.587,"[-3.394, -1.78]",0.807,-5.348,0.000,10.240,lm,53,180841326.697,0.137,-3.000,0.413,0,0,fn
k0,-0.224,"[-0.655, 0.208]",0.431,-0.865,0.390,10.240,lm,53,180841326.697,0.137,0.000,-0.224,0,0,fp
k1,0.025,"[-0.349, 0.399]",0.374,0.113,0.910,10.240,lm,53,180841326.697,0.137,0.000,0.025,0,0,fp
k2,-0.311,"[-0.731, 0.109]",0.420,-1.235,0.221,10.240,lm,53,180841326.697,0.137,0.000,-0.311,0,0,fp
k3,-0.214,"[-0.692, 0.265]",0.479,-0.744,0.459,10.240,lm,53,180841326.697,0.137,0.000,-0.214,0,0,fp
k4,0.033,"[-0.392, 0.458]",0.425,0.130,0.897,10.240,lm,53,180841326.697,0.137,0.000,0.033,0,0,fp
k5,0.185,"[-0.198, 0.569]",0.384,0.807,0.423,10.240,lm,53,180841326.697,0.137,0.000,0.185,0,0,fp
vot,0.170,,,,,10.240,lm,53,180841326.697,0.137,0.167,0.003,0,0,fn
tt,-0.877,"[-1.17, -0.584]",0.293,-4.990,0.000,20.378,ngd+lm,53,180841326.594,0.137,-1.000,0.123,0,0,fn
c,-5.161,"[-6.863, -3.458]",1.702,-5.056,0.000,20.378,ngd+lm,53,180841326.594,0.137,-6.000,0.839,0,0,fn
s,-2.587,"[-3.394, -1.78]",0.807,-5.348,0.000,20.378,ngd+lm,53,180841326.594,0.137,-3.000,0.413,0,0,fn
k0,-0.224,"[-0.655, 0.208]",0.431,-0.865,0.390,20.378,ngd+lm,53,180841326.594,0.137,0.000,-0.224,0,0,fp
k1,0.025,"[-0.349, 0.399]",0.374,0.113,0.910,20.378,ngd+lm,53,180841326.594,0.137,0.000,0.025,0,0,fp
k2,-0.311,"[-0.731, 0.109]",0.420,-1.235,0.221,20.378,ngd+lm,53,180841326.594,0.137,0.000,-0.311,0,0,fp
k3,-0.214,"[-0.692, 0.265]",0.479,-0.744,0.459,20.378,ngd+lm,53,180841326.594,0.137,0.000,-0.214,0,0,fp
k4,0.033,"[-0.392, 0.458]",0.425,0.130,0.897,20.378,ngd+lm,53,180841326.594,0.137,0.000,0.033,0,0,fp
k5,0.185,"[-0.198, 0.569]",0.384,0.807,0.423,20.378,ngd+lm,53,180841326.594,0.137,0.000,0.185,0,0,fp
vot,0.170,,,,,20.378,ngd+lm,53,180841326.594,0.137,0.167,0.003,0,0,fn
tt,-1.364,"[-2.057, -0.67]",0.693,-3.281,0.002,9.918,ngd,54,320311417.938,0.188,-1.000,-0.364,0,0,fn
c,-5.546,"[-8.724, -2.369]",3.178,-2.911,0.005,9.918,ngd,54,320311417.938,0.188,-6.000,0.454,0,0,fn
s,-3.666,"[-5.62, -1.712]",1.954,-3.129,0.003,9.918,ngd,54,320311417.938,0.188,-3.000,-0.666,0,0,fn
k0,1.415,"[0.199, 2.632]",1.217,1.941,0.057,9.918,ngd,54,320311417.938,0.188,0.000,1.415,0,1,fp
k1,-1.246,"[-2.458, -0.034]",1.212,-1.715,0.091,9.918,ngd,54,320311417.938,0.188,0.000,-1.246,0,1,fp
k2,0.715,"[-0.341, 1.77]",1.055,1.129,0.263,9.918,ngd,54,320311417.938,0.188,0.000,0.715,0,0,fp
k3,0.436,"[-0.547, 1.418]",0.983,0.739,0.462,9.918,ngd,54,320311417.938,0.188,0.000,0.436,0,0,fp
k4,-0.248,"[-1.289, 0.793]",1.041,-0.397,0.693,9.918,ngd,54,320311417.938,0.188,0.000,-0.248,0,0,fp
k5,-1.401,"[-2.653, -0.149]",1.252,-1.867,0.066,9.918,ngd,54,320311417.938,0.188,0.000,-1.401,0,1,fp
vot,0.246,,,,,9.918,ngd,54,320311417.938,0.188,0.167,0.079,0,0,fn
tt,-3420.057,"[-67178228123.944, 67178221283.83]",67178224703.887,-0.000,1.000,10.312,lm,54,3638364266.484,0.633,-1.000,-3419.057,1,0,fn
c,-3320.300,"[-22823328683.089, 22823322042.49]",22823325362.790,-0.000,1.000,10.312,lm,54,3638364266.484,0.633,-6.000,-3314.300,1,0,fn
s,-3135.313,"[-3135.313, -3135.313]",0.000,-2965639255261500395934517321239502246213844992.000,0.000,10.312,lm,54,3638364266.484,0.633,-3.000,-3132.313,0,0,fn
k0,5781.308,"[-19758743623.729, 19758755186.345]",19758749405.037,0.000,1.000,10.312,lm,54,3638364266.484,0.633,0.000,5781.308,0,0,fp
k1,-4536.426,"[-7719513524.204, 7719504451.352]",7719508987.778,-0.000,1.000,10.312,lm,54,3638364266.484,0.633,0.000,-4536.426,0,0,fp
k2,-2616.289,"[-5199740758.3, 5199735525.721]",5199738142.010,-0.000,1.000,10.312,lm,54,3638364266.484,0.633,0.000,-2616.289,0,0,fp
k3,2396.337,"[-3991812248.695, 3991817041.37]",3991814645.032,0.000,1.000,10.312,lm,54,3638364266.484,0.633,0.000,2396.337,0,0,fp
k4,537.279,"[-18254934181.03, 18254935255.587]",18254934718.308,0.000,1.000,10.312,lm,54,3638364266.484,0.633,0.000,537.279,0,0,fp
k5,387.617,"[-77041928569.881, 77041929345.114]",77041928957.498,0.000,1.000,10.312,lm,54,3638364266.484,0.633,0.000,387.617,0,0,fp
vot,1.030,,,,,10.312,lm,54,3638364266.484,0.633,0.167,0.863,0,0,fn
tt,-1.223,"[-1.65, -0.796]",0.427,-4.775,0.000,20.472,ngd+lm,54,146481169.005,0.127,-1.000,-0.223,0,0,fn
c,-7.359,"[-10.013, -4.705]",2.654,-4.624,0.000,20.472,ngd+lm,54,146481169.005,0.127,-6.000,-1.359,0,0,fn
s,-4.113,"[-5.578, -2.647]",1.466,-4.679,0.000,20.472,ngd+lm,54,146481169.005,0.127,-3.000,-1.113,0,0,fn
k0,-0.043,"[-0.599, 0.512]",0.555,-0.130,0.897,20.472,ngd+lm,54,146481169.005,0.127,0.000,-0.043,0,0,fp
k1,-0.139,"[-0.722, 0.445]",0.583,-0.396,0.693,20.472,ngd+lm,54,146481169.005,0.127,0.000,-0.139,0,0,fp
k2,0.697,"[-0.036, 1.431]",0.734,1.585,0.118,20.472,ngd+lm,54,146481169.005,0.127,0.000,0.697,0,0,fp
k3,0.109,"[-0.375, 0.592]",0.483,0.375,0.709,20.472,ngd+lm,54,146481169.005,0.127,0.000,0.109,0,0,fp
k4,-0.460,"[-1.003, 0.084]",0.544,-1.410,0.163,20.472,ngd+lm,54,146481169.005,0.127,0.000,-0.460,0,0,fp
k5,0.206,"[-0.281, 0.694]",0.488,0.705,0.483,20.472,ngd+lm,54,146481169.005,0.127,0.000,0.206,0,0,fp
vot,0.166,,,,,20.472,ngd+lm,54,146481169.005,0.127,0.167,-0.000,0,0,fn
tt,-0.989,"[-1.505, -0.473]",0.516,-3.200,0.002,10.037,ngd,55,319501591.776,0.185,-1.000,0.011,0,0,fn
c,-7.424,"[-11.334, -3.513]",3.910,-3.167,0.002,10.037,ngd,55,319501591.776,0.185,-6.000,-1.424,0,0,fn
s,-2.487,"[-3.606, -1.367]",1.119,-3.706,0.000,10.037,ngd,55,319501591.776,0.185,-3.000,0.513,0,0,fn
k0,-0.297,"[-0.929, 0.335]",0.632,-0.784,0.436,10.037,ngd,55,319501591.776,0.185,0.000,-0.297,0,0,fp
k1,-0.303,"[-1.051, 0.445]",0.748,-0.676,0.502,10.037,ngd,55,319501591.776,0.185,0.000,-0.303,0,0,fp
k2,-0.451,"[-1.166, 0.265]",0.715,-1.050,0.297,10.037,ngd,55,319501591.776,0.185,0.000,-0.451,0,0,fp
k3,1.137,"[0.023, 2.251]",1.114,1.702,0.093,10.037,ngd,55,319501591.776,0.185,0.000,1.137,0,1,fp
k4,0.625,"[0.107, 1.143]",0.518,2.014,0.048,10.037,ngd,55,319501591.776,0.185,0.000,0.625,0,1,fp
k5,0.161,"[-0.623, 0.944]",0.783,0.342,0.733,10.037,ngd,55,319501591.776,0.185,0.000,0.161,0,0,fp
vot,0.133,,,,,10.037,ngd,55,319501591.776,0.185,0.167,-0.033,0,0,fn
tt,-0.549,"[-1.423, 0.325]",0.874,-1.047,0.299,10.355,lm,55,2240597348.810,0.490,-1.000,0.451,1,0,fn
c,-11.067,"[-26.527, 4.394]",15.460,-1.194,0.237,10.355,lm,55,2240597348.810,0.490,-6.000,-5.067,1,0,fn
s,-0.744,"[-2.547, 1.059]",1.803,-0.688,0.494,10.355,lm,55,2240597348.810,0.490,-3.000,2.256,1,0,fn
k0,3.591,"[-1.52, 8.702]",5.111,1.172,0.245,10.355,lm,55,2240597348.810,0.490,0.000,3.591,0,0,fp
k1,-3.159,"[-7.179, 0.862]",4.021,-1.310,0.195,10.355,lm,55,2240597348.810,0.490,0.000,-3.159,0,0,fp
k2,-2.099,"[-5.902, 1.703]",3.803,-0.921,0.360,10.355,lm,55,2240597348.810,0.490,0.000,-2.099,0,0,fp
k3,3.071,"[-1.82, 7.963]",4.891,1.047,0.299,10.355,lm,55,2240597348.810,0.490,0.000,3.071,0,0,fp
k4,2.156,"[-1.087, 5.4]",3.243,1.109,0.271,10.355,lm,55,2240597348.810,0.490,0.000,2.156,0,0,fp
k5,-0.200,"[-2.358, 1.957]",2.158,-0.155,0.877,10.355,lm,55,2240597348.810,0.490,0.000,-0.200,0,0,fp
vot,0.050,,,,,10.355,lm,55,2240597348.810,0.490,0.167,-0.117,0,0,fn
tt,-1.540,"[-2.27, -0.811]",0.729,-3.522,0.001,20.903,ngd+lm,55,171935278.459,0.136,-1.000,-0.540,0,0,fn
c,-9.555,"[-14.217, -4.892]",4.663,-3.418,0.001,20.903,ngd+lm,55,171935278.459,0.136,-6.000,-3.555,0,0,fn
s,-5.063,"[-7.347, -2.778]",2.285,-3.696,0.000,20.903,ngd+lm,55,171935278.459,0.136,-3.000,-2.063,0,0,fn
k0,-0.114,"[-0.914, 0.686]",0.800,-0.239,0.812,20.903,ngd+lm,55,171935278.459,0.136,0.000,-0.114,0,0,fp
k1,-0.929,"[-2.25, 0.392]",1.321,-1.173,0.245,20.903,ngd+lm,55,171935278.459,0.136,0.000,-0.929,0,0,fp
k2,0.310,"[-0.552, 1.172]",0.862,0.599,0.551,20.903,ngd+lm,55,171935278.459,0.136,0.000,0.310,0,0,fp
k3,0.247,"[-0.485, 0.98]",0.732,0.563,0.575,20.903,ngd+lm,55,171935278.459,0.136,0.000,0.247,0,0,fp
k4,0.570,"[-0.137, 1.277]",0.707,1.346,0.183,20.903,ngd+lm,55,171935278.459,0.136,0.000,0.570,0,0,fp
k5,-0.184,"[-0.962, 0.594]",0.778,-0.395,0.694,20.903,ngd+lm,55,171935278.459,0.136,0.000,-0.184,0,0,fp
vot,0.161,,,,,20.903,ngd+lm,55,171935278.459,0.136,0.167,-0.005,0,0,fn
tt,-1.386,"[-2.342, -0.431]",0.955,-2.420,0.018,9.808,ngd,56,451554890.852,0.215,-1.000,-0.386,0,0,fn
c,-6.608,"[-11.005, -2.212]",4.397,-2.507,0.015,9.808,ngd,56,451554890.852,0.215,-6.000,-0.608,0,0,fn
s,-2.746,"[-4.612, -0.879]",1.866,-2.454,0.017,9.808,ngd,56,451554890.852,0.215,-3.000,0.254,0,0,fn
k0,1.123,"[-0.322, 2.568]",1.445,1.296,0.199,9.808,ngd,56,451554890.852,0.215,0.000,1.123,0,0,fp
k1,-0.430,"[-1.487, 0.626]",1.057,-0.679,0.499,9.808,ngd,56,451554890.852,0.215,0.000,-0.430,0,0,fp
k2,-0.773,"[-1.849, 0.304]",1.076,-1.197,0.235,9.808,ngd,56,451554890.852,0.215,0.000,-0.773,0,0,fp
k3,0.486,"[-0.428, 1.401]",0.915,0.887,0.378,9.808,ngd,56,451554890.852,0.215,0.000,0.486,0,0,fp
k4,-0.025,"[-0.52, 0.469]",0.494,-0.086,0.932,9.808,ngd,56,451554890.852,0.215,0.000,-0.025,0,0,fp
k5,1.195,"[0.007, 2.382]",1.187,1.678,0.098,9.808,ngd,56,451554890.852,0.215,0.000,1.195,0,1,fp
vot,0.210,,,,,9.808,ngd,56,451554890.852,0.215,0.167,0.043,0,0,fn
tt,21355.868,"[-3.729243453076296e+37, 3.729243453076296e+37]",37292434530762961283185789269503377408.000,0.000,1.000,10.238,lm,56,7406079246.097,0.869,-1.000,21356.868,1,0,fn
c,654.172,"[-1.4324624671411634e+37, 1.4324624671411634e+37]",14324624671411634108529622117295063040.000,0.000,1.000,10.238,lm,56,7406079246.097,0.869,-6.000,660.172,1,0,fn
s,-20431.144,"[-20431.144, -20431.144]",0.000,-299343424173743884620810041697099995781948042669110642823504527820109615887067568913531596461888571915534981031476068352.000,0.000,10.238,lm,56,7406079246.097,0.869,-3.000,-20428.144,0,0,fn
k0,-30352.478,"[-9.29767021802991e+36, 9.29767021802991e+36]",9297670218029910129351261069867220992.000,-0.000,1.000,10.238,lm,56,7406079246.097,0.869,0.000,-30352.478,0,0,fp
k1,-17756.776,"[-1.4271044191612453e+36, 1.4271044191612453e+36]",1427104419161245285446250635160715264.000,-0.000,1.000,10.238,lm,56,7406079246.097,0.869,0.000,-17756.776,0,0,fp
k2,-22750.435,"[-1.7202887626115908e+37, 1.7202887626115908e+37]",17202887626115908149821325666427076608.000,-0.000,1.000,10.238,lm,56,7406079246.097,0.869,0.000,-22750.435,0,0,fp
k3,-11070.688,"[-1.1677420920166393e+37, 1.1677420920166393e+37]",11677420920166393362923300352621019136.000,-0.000,1.000,10.238,lm,56,7406079246.097,0.869,0.000,-11070.688,0,0,fp
k4,-21861.895,"[-3.03844642371847e+36, 3.03844642371847e+36]",3038446423718470238215493074569658368.000,-0.000,1.000,10.238,lm,56,7406079246.097,0.869,0.000,-21861.895,0,0,fp
k5,6593.238,"[-1.3224634770478994e+37, 1.3224634770478994e+37]",13224634770478994005191234331061780480.000,0.000,1.000,10.238,lm,56,7406079246.097,0.869,0.000,6593.238,0,0,fp
vot,32.646,,,,,10.238,lm,56,7406079246.097,0.869,0.167,32.479,0,0,fn
tt,-1.386,"[-2.342, -0.431]",0.955,-2.420,0.018,20.387,ngd+lm,56,451554890.852,0.215,-1.000,-0.386,0,0,fn
c,-6.608,"[-11.005, -2.212]",4.397,-2.507,0.015,20.387,ngd+lm,56,451554890.852,0.215,-6.000,-0.608,0,0,fn
s,-2.746,"[-4.612, -0.879]",1.866,-2.454,0.017,20.387,ngd+lm,56,451554890.852,0.215,-3.000,0.254,0,0,fn
k0,1.123,"[-0.322, 2.568]",1.445,1.296,0.199,20.387,ngd+lm,56,451554890.852,0.215,0.000,1.123,0,0,fp
k1,-0.430,"[-1.487, 0.626]",1.057,-0.679,0.499,20.387,ngd+lm,56,451554890.852,0.215,0.000,-0.430,0,0,fp
k2,-0.773,"[-1.849, 0.304]",1.076,-1.197,0.235,20.387,ngd+lm,56,451554890.852,0.215,0.000,-0.773,0,0,fp
k3,0.486,"[-0.428, 1.401]",0.915,0.887,0.378,20.387,ngd+lm,56,451554890.852,0.215,0.000,0.486,0,0,fp
k4,-0.025,"[-0.52, 0.469]",0.494,-0.086,0.932,20.387,ngd+lm,56,451554890.852,0.215,0.000,-0.025,0,0,fp
k5,1.195,"[0.007, 2.382]",1.187,1.678,0.098,20.387,ngd+lm,56,451554890.852,0.215,0.000,1.195,0,1,fp
vot,0.210,,,,,20.387,ngd+lm,56,451554890.852,0.215,0.167,0.043,0,0,fn
tt,-0.853,"[-1.511, -0.195]",0.658,-2.163,0.034,9.891,ngd,57,353539349.991,0.193,-1.000,0.147,0,0,fn
c,-8.097,"[-14.112, -2.082]",6.015,-2.245,0.028,9.891,ngd,57,353539349.991,0.193,-6.000,-2.097,0,0,fn
s,-2.670,"[-4.377, -0.963]",1.707,-2.609,0.011,9.891,ngd,57,353539349.991,0.193,-3.000,0.330,0,0,fn
k0,-0.930,"[-2.383, 0.524]",1.453,-1.067,0.290,9.891,ngd,57,353539349.991,0.193,0.000,-0.930,0,0,fp
k1,-1.264,"[-2.998, 0.471]",1.734,-1.215,0.228,9.891,ngd,57,353539349.991,0.193,0.000,-1.264,0,0,fp
k2,1.848,"[-0.343, 4.039]",2.191,1.407,0.164,9.891,ngd,57,353539349.991,0.193,0.000,1.848,0,0,fp
k3,-0.754,"[-1.871, 0.363]",1.117,-1.126,0.264,9.891,ngd,57,353539349.991,0.193,0.000,-0.754,0,0,fp
k4,0.635,"[-0.35, 1.62]",0.985,1.075,0.286,9.891,ngd,57,353539349.991,0.193,0.000,0.635,0,0,fp
k5,-0.238,"[-1.26, 0.783]",1.022,-0.389,0.699,9.891,ngd,57,353539349.991,0.193,0.000,-0.238,0,0,fp
vot,0.105,,,,,9.891,ngd,57,353539349.991,0.193,0.167,-0.061,0,0,fn
tt,-1.177,"[-2.109, -0.245]",0.932,-2.106,0.039,10.628,lm,57,768949429.074,0.285,-1.000,-0.177,0,0,fn
c,-7.989,"[-14.524, -1.454]",6.535,-2.039,0.045,10.628,lm,57,768949429.074,0.285,-6.000,-1.989,0,0,fn
s,-1.816,"[-3.508, -0.123]",1.692,-1.790,0.078,10.628,lm,57,768949429.074,0.285,-3.000,1.184,0,0,fn
k0,-0.914,"[-2.584, 0.757]",1.671,-0.912,0.365,10.628,lm,57,768949429.074,0.285,0.000,-0.914,0,0,fp
k1,-1.118,"[-3.407, 1.171]",2.289,-0.815,0.418,10.628,lm,57,768949429.074,0.285,0.000,-1.118,0,0,fp
k2,1.832,"[-0.373, 4.037]",2.205,1.386,0.170,10.628,lm,57,768949429.074,0.285,0.000,1.832,0,0,fp
k3,-1.206,"[-2.826, 0.414]",1.620,-1.242,0.219,10.628,lm,57,768949429.074,0.285,0.000,-1.206,0,0,fp
k4,1.850,"[0.08, 3.619]",1.770,1.743,0.086,10.628,lm,57,768949429.074,0.285,0.000,1.850,0,1,fp
k5,0.708,"[-0.676, 2.092]",1.384,0.853,0.397,10.628,lm,57,768949429.074,0.285,0.000,0.708,0,0,fp
vot,0.147,,,,,10.628,lm,57,768949429.074,0.285,0.167,-0.019,0,0,fn
tt,-1.963,"[-3.277, -0.649]",1.314,-2.493,0.015,20.244,ngd+lm,57,191014837.517,0.142,-1.000,-0.963,0,0,fn
c,-10.586,"[-17.018, -4.155]",6.431,-2.745,0.008,20.244,ngd+lm,57,191014837.517,0.142,-6.000,-4.586,0,0,fn
s,-5.330,"[-8.473, -2.186]",3.143,-2.828,0.006,20.244,ngd+lm,57,191014837.517,0.142,-3.000,-2.330,0,0,fn
k0,0.316,"[-1.241, 1.873]",1.557,0.339,0.736,20.244,ngd+lm,57,191014837.517,0.142,0.000,0.316,0,0,fp
k1,-0.246,"[-1.627, 1.135]",1.381,-0.297,0.767,20.244,ngd+lm,57,191014837.517,0.142,0.000,-0.246,0,0,fp
k2,1.612,"[-0.365, 3.588]",1.976,1.360,0.178,20.244,ngd+lm,57,191014837.517,0.142,0.000,1.612,0,0,fp
k3,-0.852,"[-2.341, 0.637]",1.489,-0.955,0.343,20.244,ngd+lm,57,191014837.517,0.142,0.000,-0.852,0,0,fp
k4,0.237,"[-0.574, 1.047]",0.810,0.487,0.628,20.244,ngd+lm,57,191014837.517,0.142,0.000,0.237,0,0,fp
k5,-0.758,"[-1.689, 0.173]",0.931,-1.359,0.179,20.244,ngd+lm,57,191014837.517,0.142,0.000,-0.758,0,0,fp
vot,0.185,,,,,20.244,ngd+lm,57,191014837.517,0.142,0.167,0.019,0,0,fn
tt,-0.848,"[-1.302, -0.393]",0.455,-3.110,0.003,9.929,ngd,58,230222398.847,0.159,-1.000,0.152,0,0,fn
c,-5.603,"[-8.487, -2.719]",2.884,-3.241,0.002,9.929,ngd,58,230222398.847,0.159,-6.000,0.397,0,0,fn
s,-3.495,"[-5.365, -1.625]",1.870,-3.117,0.003,9.929,ngd,58,230222398.847,0.159,-3.000,-0.495,0,0,fn
k0,0.197,"[-0.475, 0.869]",0.672,0.489,0.626,9.929,ngd,58,230222398.847,0.159,0.000,0.197,0,0,fp
k1,-0.150,"[-0.775, 0.474]",0.625,-0.402,0.689,9.929,ngd,58,230222398.847,0.159,0.000,-0.150,0,0,fp
k2,-0.354,"[-1.273, 0.565]",0.919,-0.643,0.522,9.929,ngd,58,230222398.847,0.159,0.000,-0.354,0,0,fp
k3,-0.107,"[-0.616, 0.403]",0.510,-0.349,0.728,9.929,ngd,58,230222398.847,0.159,0.000,-0.107,0,0,fp
k4,1.548,"[0.397, 2.698]",1.151,2.243,0.028,9.929,ngd,58,230222398.847,0.159,0.000,1.548,0,1,fp
k5,-0.755,"[-1.507, -0.002]",0.753,-1.672,0.099,9.929,ngd,58,230222398.847,0.159,0.000,-0.755,0,1,fp
vot,0.151,,,,,9.929,ngd,58,230222398.847,0.159,0.167,-0.015,0,0,fn
tt,-0.959,"[-1.272, -0.646]",0.313,-5.112,0.000,10.209,lm,58,143279792.212,0.126,-1.000,0.041,0,0,fn
c,-5.423,"[-7.095, -3.751]",1.672,-5.409,0.000,10.209,lm,58,143279792.212,0.126,-6.000,0.577,0,0,fn
s,-2.750,"[-3.642, -1.858]",0.892,-5.143,0.000,10.209,lm,58,143279792.212,0.126,-3.000,0.250,0,0,fn
k0,0.391,"[-0.136, 0.917]",0.527,1.236,0.221,10.209,lm,58,143279792.212,0.126,0.000,0.391,0,0,fp
k1,-0.042,"[-0.449, 0.365]",0.407,-0.171,0.865,10.209,lm,58,143279792.212,0.126,0.000,-0.042,0,0,fp
k2,-0.462,"[-1.125, 0.2]",0.663,-1.164,0.249,10.209,lm,58,143279792.212,0.126,0.000,-0.462,0,0,fp
k3,-0.003,"[-0.427, 0.421]",0.424,-0.011,0.991,10.209,lm,58,143279792.212,0.126,0.000,-0.003,0,0,fp
k4,0.122,"[-0.543, 0.787]",0.665,0.306,0.761,10.209,lm,58,143279792.212,0.126,0.000,0.122,0,0,fp
k5,0.038,"[-0.374, 0.449]",0.411,0.152,0.879,10.209,lm,58,143279792.212,0.126,0.000,0.038,0,0,fp
vot,0.177,,,,,10.209,lm,58,143279792.212,0.126,0.167,0.010,0,0,fn
tt,-0.959,"[-1.272, -0.646]",0.313,-5.112,0.000,20.623,ngd+lm,58,143279791.846,0.126,-1.000,0.041,0,0,fn
c,-5.423,"[-7.095, -3.751]",1.672,-5.410,0.000,20.623,ngd+lm,58,143279791.846,0.126,-6.000,0.577,0,0,fn
s,-2.750,"[-3.642, -1.858]",0.892,-5.143,0.000,20.623,ngd+lm,58,143279791.846,0.126,-3.000,0.250,0,0,fn
k0,0.391,"[-0.136, 0.917]",0.527,1.236,0.221,20.623,ngd+lm,58,143279791.846,0.126,0.000,0.391,0,0,fp
k1,-0.042,"[-0.449, 0.365]",0.407,-0.171,0.865,20.623,ngd+lm,58,143279791.846,0.126,0.000,-0.042,0,0,fp
k2,-0.462,"[-1.125, 0.2]",0.663,-1.164,0.249,20.623,ngd+lm,58,143279791.846,0.126,0.000,-0.462,0,0,fp
k3,-0.003,"[-0.427, 0.421]",0.424,-0.011,0.991,20.623,ngd+lm,58,143279791.846,0.126,0.000,-0.003,0,0,fp
k4,0.122,"[-0.543, 0.786]",0.665,0.306,0.761,20.623,ngd+lm,58,143279791.846,0.126,0.000,0.122,0,0,fp
k5,0.038,"[-0.374, 0.449]",0.411,0.152,0.879,20.623,ngd+lm,58,143279791.846,0.126,0.000,0.038,0,0,fp
vot,0.177,,,,,20.623,ngd+lm,58,143279791.846,0.126,0.167,0.010,0,0,fn
tt,-0.817,"[-1.299, -0.335]",0.482,-2.828,0.006,10.205,ngd,59,274026768.288,0.166,-1.000,0.183,0,0,fn
c,-5.486,"[-8.475, -2.497]",2.989,-3.062,0.003,10.205,ngd,59,274026768.288,0.166,-6.000,0.514,0,0,fn
s,-2.818,"[-4.571, -1.065]",1.753,-2.681,0.009,10.205,ngd,59,274026768.288,0.166,-3.000,0.182,0,0,fn
k0,0.035,"[-0.556, 0.625]",0.590,0.098,0.922,10.205,ngd,59,274026768.288,0.166,0.000,0.035,0,0,fp
k1,0.346,"[-0.216, 0.909]",0.563,1.027,0.308,10.205,ngd,59,274026768.288,0.166,0.000,0.346,0,0,fp
k2,-0.029,"[-0.759, 0.701]",0.730,-0.066,0.948,10.205,ngd,59,274026768.288,0.166,0.000,-0.029,0,0,fp
k3,-0.247,"[-0.977, 0.483]",0.730,-0.564,0.574,10.205,ngd,59,274026768.288,0.166,0.000,-0.247,0,0,fp
k4,-0.869,"[-1.876, 0.138]",1.007,-1.439,0.155,10.205,ngd,59,274026768.288,0.166,0.000,-0.869,0,0,fp
k5,0.877,"[-0.065, 1.819]",0.942,1.552,0.125,10.205,ngd,59,274026768.288,0.166,0.000,0.877,0,0,fp
vot,0.149,,,,,10.205,ngd,59,274026768.288,0.166,0.167,-0.018,0,0,fn
tt,-0.920,"[-1.302, -0.538]",0.382,-4.018,0.000,10.211,lm,59,189714742.849,0.138,-1.000,0.080,0,0,fn
c,-5.320,"[-7.569, -3.071]",2.249,-3.946,0.000,10.211,lm,59,189714742.849,0.138,-6.000,0.680,0,0,fn
s,-2.336,"[-3.327, -1.345]",0.991,-3.932,0.000,10.211,lm,59,189714742.849,0.138,-3.000,0.664,0,0,fn
k0,0.409,"[-0.074, 0.891]",0.482,1.414,0.162,10.211,lm,59,189714742.849,0.138,0.000,0.409,0,0,fp
k1,-0.160,"[-0.624, 0.304]",0.464,-0.577,0.566,10.211,lm,59,189714742.849,0.138,0.000,-0.160,0,0,fp
k2,-0.605,"[-1.265, 0.054]",0.659,-1.531,0.130,10.211,lm,59,189714742.849,0.138,0.000,-0.605,0,0,fp
k3,0.624,"[-0.007, 1.255]",0.631,1.648,0.104,10.211,lm,59,189714742.849,0.138,0.000,0.624,0,0,fp
k4,-0.490,"[-1.234, 0.254]",0.744,-1.098,0.276,10.211,lm,59,189714742.849,0.138,0.000,-0.490,0,0,fp
k5,0.315,"[-0.302, 0.932]",0.617,0.852,0.397,10.211,lm,59,189714742.849,0.138,0.000,0.315,0,0,fp
vot,0.173,,,,,10.211,lm,59,189714742.849,0.138,0.167,0.006,0,0,fn
tt,-0.924,"[-1.307, -0.54]",0.384,-4.015,0.000,20.869,ngd+lm,59,189714053.416,0.138,-1.000,0.076,0,0,fn
c,-5.340,"[-7.6, -3.08]",2.260,-3.942,0.000,20.869,ngd+lm,59,189714053.416,0.138,-6.000,0.660,0,0,fn
s,-2.344,"[-3.339, -1.349]",0.995,-3.930,0.000,20.869,ngd+lm,59,189714053.416,0.138,-3.000,0.656,0,0,fn
k0,0.411,"[-0.073, 0.895]",0.484,1.417,0.161,20.869,ngd+lm,59,189714053.416,0.138,0.000,0.411,0,0,fp
k1,-0.163,"[-0.628, 0.302]",0.465,-0.586,0.560,20.869,ngd+lm,59,189714053.416,0.138,0.000,-0.163,0,0,fp
k2,-0.609,"[-1.27, 0.053]",0.662,-1.533,0.130,20.869,ngd+lm,59,189714053.416,0.138,0.000,-0.609,0,0,fp
k3,0.628,"[-0.005, 1.262]",0.634,1.655,0.103,20.869,ngd+lm,59,189714053.416,0.138,0.000,0.628,0,0,fp
k4,-0.493,"[-1.239, 0.253]",0.746,-1.103,0.274,20.869,ngd+lm,59,189714053.416,0.138,0.000,-0.493,0,0,fp
k5,0.317,"[-0.302, 0.935]",0.619,0.855,0.396,20.869,ngd+lm,59,189714053.416,0.138,0.000,0.317,0,0,fp
vot,0.173,,,,,20.869,ngd+lm,59,189714053.416,0.138,0.167,0.006,0,0,fn
tt,-0.872,"[-1.263, -0.48]",0.392,-3.709,0.000,10.195,ngd,60,242710655.810,0.162,-1.000,0.128,0,0,fn
c,-6.605,"[-9.322, -3.889]",2.716,-4.056,0.000,10.195,ngd,60,242710655.810,0.162,-6.000,-0.605,0,0,fn
s,-2.666,"[-3.951, -1.382]",1.284,-3.463,0.001,10.195,ngd,60,242710655.810,0.162,-3.000,0.334,0,0,fn
k0,-0.112,"[-0.781, 0.558]",0.669,-0.279,0.781,10.195,ngd,60,242710655.810,0.162,0.000,-0.112,0,0,fp
k1,-1.342,"[-2.32, -0.363]",0.978,-2.288,0.025,10.195,ngd,60,242710655.810,0.162,0.000,-1.342,0,1,fp
k2,0.182,"[-0.558, 0.922]",0.740,0.410,0.683,10.195,ngd,60,242710655.810,0.162,0.000,0.182,0,0,fp
k3,-0.147,"[-1.221, 0.927]",1.074,-0.229,0.820,10.195,ngd,60,242710655.810,0.162,0.000,-0.147,0,0,fp
k4,0.188,"[-0.615, 0.99]",0.803,0.390,0.698,10.195,ngd,60,242710655.810,0.162,0.000,0.188,0,0,fp
k5,-0.141,"[-0.729, 0.448]",0.588,-0.399,0.691,10.195,ngd,60,242710655.810,0.162,0.000,-0.141,0,0,fp
vot,0.132,,,,,10.195,ngd,60,242710655.810,0.162,0.167,-0.035,0,0,fn
tt,0.490,"[-0.415, 1.396]",0.906,0.903,0.370,10.279,lm,60,2859407442.812,0.555,-1.000,1.490,1,0,fn
c,-6.667,"[-18.782, 5.449]",12.115,-0.918,0.362,10.279,lm,60,2859407442.812,0.555,-6.000,-0.667,1,0,fn
s,-1.805,"[-5.645, 2.034]",3.840,-0.784,0.436,10.279,lm,60,2859407442.812,0.555,-3.000,1.195,1,0,fn
k0,0.600,"[-1.68, 2.879]",2.279,0.439,0.662,10.279,lm,60,2859407442.812,0.555,0.000,0.600,0,0,fp
k1,-1.727,"[-5.651, 2.197]",3.924,-0.734,0.466,10.279,lm,60,2859407442.812,0.555,0.000,-1.727,0,0,fp
k2,1.367,"[-2.432, 5.166]",3.799,0.600,0.550,10.279,lm,60,2859407442.812,0.555,0.000,1.367,0,0,fp
k3,0.193,"[-2.168, 2.553]",2.361,0.136,0.892,10.279,lm,60,2859407442.812,0.555,0.000,0.193,0,0,fp
k4,-0.181,"[-2.552, 2.19]",2.371,-0.127,0.899,10.279,lm,60,2859407442.812,0.555,0.000,-0.181,0,0,fp
k5,0.185,"[-1.535, 1.906]",1.720,0.180,0.858,10.279,lm,60,2859407442.812,0.555,0.000,0.185,0,0,fp
vot,-0.074,,,,,10.279,lm,60,2859407442.812,0.555,0.167,-0.240,0,0,fn
tt,-0.950,"[-1.36, -0.541]",0.410,-3.867,0.000,20.849,ngd+lm,60,154745768.063,0.129,-1.000,0.050,0,0,fn
c,-5.938,"[-8.365, -3.511]",2.427,-4.081,0.000,20.849,ngd+lm,60,154745768.063,0.129,-6.000,0.062,0,0,fn
s,-2.737,"[-3.995, -1.478]",1.259,-3.626,0.001,20.849,ngd+lm,60,154745768.063,0.129,-3.000,0.263,0,0,fn
k0,-0.350,"[-0.924, 0.225]",0.575,-1.015,0.314,20.849,ngd+lm,60,154745768.063,0.129,0.000,-0.350,0,0,fp
k1,-0.012,"[-0.616, 0.592]",0.604,-0.033,0.974,20.849,ngd+lm,60,154745768.063,0.129,0.000,-0.012,0,0,fp
k2,-0.539,"[-1.279, 0.202]",0.741,-1.213,0.229,20.849,ngd+lm,60,154745768.063,0.129,0.000,-0.539,0,0,fp
k3,0.028,"[-0.718, 0.774]",0.746,0.062,0.951,20.849,ngd+lm,60,154745768.063,0.129,0.000,0.028,0,0,fp
k4,0.211,"[-0.342, 0.764]",0.553,0.636,0.527,20.849,ngd+lm,60,154745768.063,0.129,0.000,0.211,0,0,fp
k5,-0.104,"[-0.576, 0.369]",0.473,-0.366,0.716,20.849,ngd+lm,60,154745768.063,0.129,0.000,-0.104,0,0,fp
vot,0.160,,,,,20.849,ngd+lm,60,154745768.063,0.129,0.167,-0.007,0,0,fn
tt,-0.591,"[-0.862, -0.319]",0.271,-3.630,0.001,9.993,ngd,61,288257227.157,0.175,-1.000,0.409,0,0,fn
c,-4.809,"[-7.03, -2.589]",2.220,-3.613,0.001,9.993,ngd,61,288257227.157,0.175,-6.000,1.191,0,0,fn
s,-2.352,"[-3.393, -1.311]",1.041,-3.769,0.000,9.993,ngd,61,288257227.157,0.175,-3.000,0.648,0,0,fn
k0,0.250,"[-0.204, 0.704]",0.454,0.920,0.361,9.993,ngd,61,288257227.157,0.175,0.000,0.250,0,0,fp
k1,-0.126,"[-0.755, 0.504]",0.629,-0.333,0.740,9.993,ngd,61,288257227.157,0.175,0.000,-0.126,0,0,fp
k2,-0.396,"[-0.908, 0.115]",0.512,-1.292,0.201,9.993,ngd,61,288257227.157,0.175,0.000,-0.396,0,0,fp
k3,-0.029,"[-0.631, 0.573]",0.602,-0.080,0.936,9.993,ngd,61,288257227.157,0.175,0.000,-0.029,0,0,fp
k4,0.371,"[-0.427, 1.169]",0.798,0.776,0.441,9.993,ngd,61,288257227.157,0.175,0.000,0.371,0,0,fp
k5,-0.635,"[-1.276, 0.006]",0.641,-1.651,0.103,9.993,ngd,61,288257227.157,0.175,0.000,-0.635,0,0,fp
vot,0.123,,,,,9.993,ngd,61,288257227.157,0.175,0.167,-0.044,0,0,fn
tt,-0.813,"[-1.033, -0.593]",0.220,-6.166,0.000,10.409,lm,61,123714703.577,0.115,-1.000,0.187,0,0,fn
c,-5.038,"[-6.44, -3.636]",1.402,-5.994,0.000,10.409,lm,61,123714703.577,0.115,-6.000,0.962,0,0,fn
s,-2.262,"[-2.886, -1.637]",0.625,-6.039,0.000,10.409,lm,61,123714703.577,0.115,-3.000,0.738,0,0,fn
k0,-0.387,"[-0.698, -0.076]",0.311,-2.075,0.042,10.409,lm,61,123714703.577,0.115,0.000,-0.387,0,1,fp
k1,0.005,"[-0.435, 0.445]",0.440,0.020,0.984,10.409,lm,61,123714703.577,0.115,0.000,0.005,0,0,fp
k2,0.278,"[-0.068, 0.624]",0.346,1.340,0.185,10.409,lm,61,123714703.577,0.115,0.000,0.278,0,0,fp
k3,0.003,"[-0.368, 0.374]",0.371,0.015,0.988,10.409,lm,61,123714703.577,0.115,0.000,0.003,0,0,fp
k4,-0.222,"[-0.715, 0.272]",0.494,-0.748,0.457,10.409,lm,61,123714703.577,0.115,0.000,-0.222,0,0,fp
k5,0.501,"[0.118, 0.884]",0.383,2.183,0.033,10.409,lm,61,123714703.577,0.115,0.000,0.501,0,1,fp
vot,0.161,,,,,10.409,lm,61,123714703.577,0.115,0.167,-0.005,0,0,fn
tt,-0.813,"[-1.033, -0.593]",0.220,-6.166,0.000,20.816,ngd+lm,61,123714703.440,0.115,-1.000,0.187,0,0,fn
c,-5.039,"[-6.441, -3.636]",1.402,-5.994,0.000,20.816,ngd+lm,61,123714703.440,0.115,-6.000,0.961,0,0,fn
s,-2.262,"[-2.886, -1.637]",0.625,-6.039,0.000,20.816,ngd+lm,61,123714703.440,0.115,-3.000,0.738,0,0,fn
k0,-0.387,"[-0.698, -0.076]",0.311,-2.075,0.042,20.816,ngd+lm,61,123714703.440,0.115,0.000,-0.387,0,1,fp
k1,0.005,"[-0.435, 0.445]",0.440,0.020,0.984,20.816,ngd+lm,61,123714703.440,0.115,0.000,0.005,0,0,fp
k2,0.278,"[-0.068, 0.624]",0.346,1.340,0.185,20.816,ngd+lm,61,123714703.440,0.115,0.000,0.278,0,0,fp
k3,0.003,"[-0.368, 0.374]",0.371,0.015,0.988,20.816,ngd+lm,61,123714703.440,0.115,0.000,0.003,0,0,fp
k4,-0.221,"[-0.715, 0.273]",0.494,-0.748,0.457,20.816,ngd+lm,61,123714703.440,0.115,0.000,-0.221,0,0,fp
k5,0.501,"[0.118, 0.884]",0.383,2.183,0.033,20.816,ngd+lm,61,123714703.440,0.115,0.000,0.501,0,1,fp
vot,0.161,,,,,20.816,ngd+lm,61,123714703.440,0.115,0.167,-0.005,0,0,fn
tt,-0.915,"[-1.468, -0.362]",0.553,-2.759,0.007,9.985,ngd,62,280199149.908,0.171,-1.000,0.085,0,0,fn
c,-7.023,"[-11.765, -2.281]",4.742,-2.470,0.016,9.985,ngd,62,280199149.908,0.171,-6.000,-1.023,0,0,fn
s,-3.147,"[-5.24, -1.053]",2.094,-2.506,0.015,9.985,ngd,62,280199149.908,0.171,-3.000,-0.147,0,0,fn
k0,0.284,"[-0.78, 1.348]",1.064,0.445,0.658,9.985,ngd,62,280199149.908,0.171,0.000,0.284,0,0,fp
k1,0.024,"[-0.88, 0.928]",0.904,0.044,0.965,9.985,ngd,62,280199149.908,0.171,0.000,0.024,0,0,fp
k2,-1.066,"[-2.514, 0.381]",1.447,-1.229,0.223,9.985,ngd,62,280199149.908,0.171,0.000,-1.066,0,0,fp
k3,-0.706,"[-1.828, 0.417]",1.123,-1.049,0.298,9.985,ngd,62,280199149.908,0.171,0.000,-0.706,0,0,fp
k4,-0.663,"[-1.489, 0.163]",0.826,-1.340,0.185,9.985,ngd,62,280199149.908,0.171,0.000,-0.663,0,0,fp
k5,0.080,"[-0.994, 1.154]",1.074,0.125,0.901,9.985,ngd,62,280199149.908,0.171,0.000,0.080,0,0,fp
vot,0.130,,,,,9.985,ngd,62,280199149.908,0.171,0.167,-0.036,0,0,fn
tt,0.527,"[-0.609, 1.663]",1.136,0.774,0.442,10.528,lm,62,2282922892.968,0.489,-1.000,1.527,1,0,fn
c,-6.591,"[-17.428, 4.246]",10.837,-1.014,0.314,10.528,lm,62,2282922892.968,0.489,-6.000,-0.591,1,0,fn
s,-3.163,"[-8.853, 2.526]",5.690,-0.927,0.357,10.528,lm,62,2282922892.968,0.489,-3.000,-0.163,1,0,fn
k0,0.019,"[-2.647, 2.686]",2.667,0.012,0.990,10.528,lm,62,2282922892.968,0.489,0.000,0.019,0,0,fp
k1,0.228,"[-4.582, 5.039]",4.810,0.079,0.937,10.528,lm,62,2282922892.968,0.489,0.000,0.228,0,0,fp
k2,-1.243,"[-5.55, 3.064]",4.307,-0.481,0.632,10.528,lm,62,2282922892.968,0.489,0.000,-1.243,0,0,fp
k3,-1.126,"[-5.529, 3.276]",4.402,-0.427,0.671,10.528,lm,62,2282922892.968,0.489,0.000,-1.126,0,0,fp
k4,-1.904,"[-5.042, 1.233]",3.137,-1.012,0.315,10.528,lm,62,2282922892.968,0.489,0.000,-1.904,0,0,fp
k5,0.094,"[-3.727, 3.915]",3.821,0.041,0.967,10.528,lm,62,2282922892.968,0.489,0.000,0.094,0,0,fp
vot,-0.080,,,,,10.528,lm,62,2282922892.968,0.489,0.167,-0.247,0,0,fn
tt,-0.940,"[-1.377, -0.503]",0.437,-3.589,0.001,20.551,ngd+lm,62,205518861.678,0.147,-1.000,0.060,0,0,fn
c,-6.271,"[-9.236, -3.306]",2.965,-3.527,0.001,20.551,ngd+lm,62,205518861.678,0.147,-6.000,-0.271,0,0,fn
s,-2.427,"[-3.661, -1.193]",1.234,-3.280,0.002,20.551,ngd+lm,62,205518861.678,0.147,-3.000,0.573,0,0,fn
k0,0.157,"[-0.574, 0.889]",0.732,0.358,0.721,20.551,ngd+lm,62,205518861.678,0.147,0.000,0.157,0,0,fp
k1,-0.189,"[-0.89, 0.511]",0.701,-0.451,0.654,20.551,ngd+lm,62,205518861.678,0.147,0.000,-0.189,0,0,fp
k2,0.161,"[-0.771, 1.092]",0.932,0.288,0.774,20.551,ngd+lm,62,205518861.678,0.147,0.000,0.161,0,0,fp
k3,-0.254,"[-0.991, 0.484]",0.738,-0.574,0.568,20.551,ngd+lm,62,205518861.678,0.147,0.000,-0.254,0,0,fp
k4,0.296,"[-0.14, 0.733]",0.436,1.133,0.261,20.551,ngd+lm,62,205518861.678,0.147,0.000,0.296,0,0,fp
k5,-0.006,"[-0.809, 0.797]",0.803,-0.013,0.990,20.551,ngd+lm,62,205518861.678,0.147,0.000,-0.006,0,0,fp
vot,0.150,,,,,20.551,ngd+lm,62,205518861.678,0.147,0.167,-0.017,0,0,fn
tt,-1.219,"[-1.802, -0.635]",0.583,-3.485,0.001,10.109,ngd,63,163389196.389,0.129,-1.000,-0.219,0,0,fn
c,-7.094,"[-10.441, -3.747]",3.347,-3.536,0.001,10.109,ngd,63,163389196.389,0.129,-6.000,-1.094,0,0,fn
s,-4.244,"[-6.374, -2.114]",2.130,-3.323,0.001,10.109,ngd,63,163389196.389,0.129,-3.000,-1.244,0,0,fn
k0,-0.756,"[-1.717, 0.205]",0.961,-1.312,0.194,10.109,ngd,63,163389196.389,0.129,0.000,-0.756,0,0,fp
k1,1.437,"[0.229, 2.646]",1.208,1.984,0.051,10.109,ngd,63,163389196.389,0.129,0.000,1.437,0,1,fp
k2,0.473,"[-0.166, 1.111]",0.638,1.235,0.221,10.109,ngd,63,163389196.389,0.129,0.000,0.473,0,0,fp
k3,-0.031,"[-0.788, 0.725]",0.757,-0.069,0.945,10.109,ngd,63,163389196.389,0.129,0.000,-0.031,0,0,fp
k4,-0.255,"[-0.876, 0.366]",0.621,-0.685,0.496,10.109,ngd,63,163389196.389,0.129,0.000,-0.255,0,0,fp
k5,-0.468,"[-1.295, 0.359]",0.827,-0.944,0.348,10.109,ngd,63,163389196.389,0.129,0.000,-0.468,0,0,fp
vot,0.172,,,,,10.109,ngd,63,163389196.389,0.129,0.167,0.005,0,0,fn
tt,-1.019,"[-2.061, 0.024]",1.043,-1.629,0.108,10.661,lm,63,592092501.219,0.246,-1.000,-0.019,1,0,fn
c,-7.094,"[-14.43, 0.242]",7.336,-1.613,0.111,10.661,lm,63,592092501.219,0.246,-6.000,-1.094,1,0,fn
s,-3.556,"[-7.588, 0.476]",4.032,-1.471,0.146,10.661,lm,63,592092501.219,0.246,-3.000,-0.556,1,0,fn
k0,-1.859,"[-4.019, 0.301]",2.160,-1.435,0.156,10.661,lm,63,592092501.219,0.246,0.000,-1.859,0,0,fp
k1,1.984,"[-0.638, 4.607]",2.622,1.262,0.211,10.661,lm,63,592092501.219,0.246,0.000,1.984,0,0,fp
k2,-0.833,"[-2.241, 0.575]",1.408,-0.987,0.327,10.661,lm,63,592092501.219,0.246,0.000,-0.833,0,0,fp
k3,-1.565,"[-3.656, 0.527]",2.091,-1.248,0.216,10.661,lm,63,592092501.219,0.246,0.000,-1.565,0,0,fp
k4,-0.196,"[-1.565, 1.172]",1.368,-0.239,0.812,10.661,lm,63,592092501.219,0.246,0.000,-0.196,0,0,fp
k5,0.379,"[-0.783, 1.542]",1.163,0.544,0.588,10.661,lm,63,592092501.219,0.246,0.000,0.379,0,0,fp
vot,0.144,,,,,10.661,lm,63,592092501.219,0.246,0.167,-0.023,0,0,fn
tt,-0.639,"[-0.857, -0.421]",0.218,-4.894,0.000,20.412,ngd+lm,63,144532929.113,0.122,-1.000,0.361,0,0,fn
c,-3.901,"[-5.193, -2.608]",1.293,-5.033,0.000,20.412,ngd+lm,63,144532929.113,0.122,-6.000,2.099,0,0,fn
s,-2.488,"[-3.35, -1.625]",0.863,-4.810,0.000,20.412,ngd+lm,63,144532929.113,0.122,-3.000,0.512,0,0,fn
k0,-0.439,"[-0.969, 0.091]",0.530,-1.382,0.172,20.412,ngd+lm,63,144532929.113,0.122,0.000,-0.439,0,0,fp
k1,0.505,"[0.039, 0.971]",0.466,1.808,0.075,20.412,ngd+lm,63,144532929.113,0.122,0.000,0.505,0,1,fp
k2,0.397,"[0.015, 0.78]",0.382,1.733,0.088,20.412,ngd+lm,63,144532929.113,0.122,0.000,0.397,0,1,fp
k3,0.181,"[-0.245, 0.608]",0.427,0.708,0.481,20.412,ngd+lm,63,144532929.113,0.122,0.000,0.181,0,0,fp
k4,-0.230,"[-0.582, 0.121]",0.352,-1.094,0.278,20.412,ngd+lm,63,144532929.113,0.122,0.000,-0.230,0,0,fp
k5,-0.281,"[-0.692, 0.131]",0.411,-1.139,0.259,20.412,ngd+lm,63,144532929.113,0.122,0.000,-0.281,0,0,fp
vot,0.164,,,,,20.412,ngd+lm,63,144532929.113,0.122,0.167,-0.003,0,0,fn
tt,-0.790,"[-1.116, -0.463]",0.326,-4.036,0.000,10.289,ngd,64,224363759.439,0.153,-1.000,0.210,0,0,fn
c,-6.480,"[-8.91, -4.05]",2.430,-4.448,0.000,10.289,ngd,64,224363759.439,0.153,-6.000,-0.480,0,0,fn
s,-3.235,"[-4.375, -2.094]",1.140,-4.731,0.000,10.289,ngd,64,224363759.439,0.153,-3.000,-0.235,0,0,fn
k0,1.309,"[0.288, 2.33]",1.021,2.139,0.036,10.289,ngd,64,224363759.439,0.153,0.000,1.309,0,1,fp
k1,-0.305,"[-1.071, 0.461]",0.766,-0.664,0.509,10.289,ngd,64,224363759.439,0.153,0.000,-0.305,0,0,fp
k2,-0.108,"[-0.676, 0.461]",0.568,-0.316,0.753,10.289,ngd,64,224363759.439,0.153,0.000,-0.108,0,0,fp
k3,-0.181,"[-0.778, 0.417]",0.598,-0.504,0.616,10.289,ngd,64,224363759.439,0.153,0.000,-0.181,0,0,fp
k4,0.402,"[-0.251, 1.055]",0.653,1.027,0.308,10.289,ngd,64,224363759.439,0.153,0.000,0.402,0,0,fp
k5,0.053,"[-0.518, 0.624]",0.571,0.155,0.878,10.289,ngd,64,224363759.439,0.153,0.000,0.053,0,0,fp
vot,0.122,,,,,10.289,ngd,64,224363759.439,0.153,0.167,-0.045,0,0,fn
tt,-0.988,"[-1.263, -0.714]",0.274,-6.009,0.000,10.654,lm,64,123567036.877,0.114,-1.000,0.012,0,0,fn
c,-6.007,"[-7.642, -4.372]",1.635,-6.128,0.000,10.654,lm,64,123567036.877,0.114,-6.000,-0.007,0,0,fn
s,-2.928,"[-3.678, -2.178]",0.750,-6.513,0.000,10.654,lm,64,123567036.877,0.114,-3.000,0.072,0,0,fn
k0,0.573,"[-0.126, 1.271]",0.699,1.367,0.176,10.654,lm,64,123567036.877,0.114,0.000,0.573,0,0,fp
k1,0.583,"[0.009, 1.158]",0.574,1.694,0.095,10.654,lm,64,123567036.877,0.114,0.000,0.583,0,1,fp
k2,0.170,"[-0.272, 0.612]",0.442,0.641,0.524,10.654,lm,64,123567036.877,0.114,0.000,0.170,0,0,fp
k3,0.014,"[-0.416, 0.445]",0.430,0.056,0.955,10.654,lm,64,123567036.877,0.114,0.000,0.014,0,0,fp
k4,0.203,"[-0.27, 0.676]",0.473,0.717,0.476,10.654,lm,64,123567036.877,0.114,0.000,0.203,0,0,fp
k5,-0.383,"[-0.841, 0.075]",0.458,-1.395,0.168,10.654,lm,64,123567036.877,0.114,0.000,-0.383,0,0,fp
vot,0.165,,,,,10.654,lm,64,123567036.877,0.114,0.167,-0.002,0,0,fn
tt,-0.996,"[-1.271, -0.72]",0.276,-6.022,0.000,20.670,ngd+lm,64,123556071.149,0.114,-1.000,0.004,0,0,fn
c,-6.044,"[-7.687, -4.401]",1.643,-6.136,0.000,20.670,ngd+lm,64,123556071.149,0.114,-6.000,-0.044,0,0,fn
s,-2.946,"[-3.699, -2.193]",0.753,-6.526,0.000,20.670,ngd+lm,64,123556071.149,0.114,-3.000,0.054,0,0,fn
k0,0.575,"[-0.128, 1.278]",0.703,1.363,0.177,20.670,ngd+lm,64,123556071.149,0.114,0.000,0.575,0,0,fp
k1,0.573,"[-0.003, 1.15]",0.577,1.658,0.102,20.670,ngd+lm,64,123556071.149,0.114,0.000,0.573,0,0,fp
k2,0.180,"[-0.265, 0.625]",0.445,0.676,0.501,20.670,ngd+lm,64,123556071.149,0.114,0.000,0.180,0,0,fp
k3,0.004,"[-0.43, 0.439]",0.434,0.016,0.987,20.670,ngd+lm,64,123556071.149,0.114,0.000,0.004,0,0,fp
k4,0.190,"[-0.286, 0.666]",0.476,0.665,0.508,20.670,ngd+lm,64,123556071.149,0.114,0.000,0.190,0,0,fp
k5,-0.397,"[-0.859, 0.066]",0.462,-1.432,0.157,20.670,ngd+lm,64,123556071.149,0.114,0.000,-0.397,0,0,fp
vot,0.165,,,,,20.670,ngd+lm,64,123556071.149,0.114,0.167,-0.002,0,0,fn
tt,-0.532,"[-0.964, -0.1]",0.432,-2.054,0.044,9.901,ngd,65,443645344.780,0.216,-1.000,0.468,0,0,fn
c,-5.974,"[-9.808, -2.14]",3.834,-2.599,0.011,9.901,ngd,65,443645344.780,0.216,-6.000,0.026,0,0,fn
s,-2.063,"[-3.497, -0.629]",1.434,-2.399,0.019,9.901,ngd,65,443645344.780,0.216,-3.000,0.937,0,0,fn
k0,-1.072,"[-2.358, 0.213]",1.286,-1.391,0.169,9.901,ngd,65,443645344.780,0.216,0.000,-1.072,0,0,fp
k1,-1.496,"[-3.03, 0.039]",1.534,-1.626,0.109,9.901,ngd,65,443645344.780,0.216,0.000,-1.496,0,0,fp
k2,0.766,"[0.011, 1.522]",0.756,1.691,0.095,9.901,ngd,65,443645344.780,0.216,0.000,0.766,0,1,fp
k3,1.403,"[-0.164, 2.969]",1.566,1.494,0.140,9.901,ngd,65,443645344.780,0.216,0.000,1.403,0,0,fp
k4,-1.324,"[-2.761, 0.113]",1.437,-1.536,0.129,9.901,ngd,65,443645344.780,0.216,0.000,-1.324,0,0,fp
k5,0.868,"[-0.394, 2.129]",1.262,1.147,0.255,9.901,ngd,65,443645344.780,0.216,0.000,0.868,0,0,fp
vot,0.089,,,,,9.901,ngd,65,443645344.780,0.216,0.167,-0.078,0,0,fn
tt,-1.470,"[-2.077, -0.862]",0.607,-4.036,0.000,10.593,lm,65,132681748.939,0.118,-1.000,-0.470,0,0,fn
c,-8.698,"[-12.064, -5.331]",3.367,-4.309,0.000,10.593,lm,65,132681748.939,0.118,-6.000,-2.698,0,0,fn
s,-4.103,"[-5.672, -2.533]",1.570,-4.360,0.000,10.593,lm,65,132681748.939,0.118,-3.000,-1.103,0,0,fn
k0,-0.341,"[-1.059, 0.378]",0.719,-0.790,0.432,10.593,lm,65,132681748.939,0.118,0.000,-0.341,0,0,fp
k1,0.040,"[-0.648, 0.729]",0.688,0.098,0.922,10.593,lm,65,132681748.939,0.118,0.000,0.040,0,0,fp
k2,0.620,"[0.157, 1.082]",0.463,2.234,0.029,10.593,lm,65,132681748.939,0.118,0.000,0.620,0,1,fp
k3,-0.301,"[-0.895, 0.293]",0.594,-0.845,0.401,10.593,lm,65,132681748.939,0.118,0.000,-0.301,0,0,fp
k4,-0.536,"[-1.378, 0.307]",0.842,-1.061,0.293,10.593,lm,65,132681748.939,0.118,0.000,-0.536,0,0,fp
k5,-0.193,"[-0.852, 0.467]",0.659,-0.487,0.628,10.593,lm,65,132681748.939,0.118,0.000,-0.193,0,0,fp
vot,0.169,,,,,10.593,lm,65,132681748.939,0.118,0.167,0.002,0,0,fn
tt,-1.472,"[-2.081, -0.864]",0.609,-4.034,0.000,20.251,ngd+lm,65,132681207.695,0.118,-1.000,-0.472,0,0,fn
c,-8.713,"[-12.088, -5.339]",3.375,-4.307,0.000,20.251,ngd+lm,65,132681207.695,0.118,-6.000,-2.713,0,0,fn
s,-4.110,"[-5.684, -2.537]",1.573,-4.357,0.000,20.251,ngd+lm,65,132681207.695,0.118,-3.000,-1.110,0,0,fn
k0,-0.340,"[-1.059, 0.38]",0.719,-0.787,0.434,20.251,ngd+lm,65,132681207.695,0.118,0.000,-0.340,0,0,fp
k1,0.039,"[-0.651, 0.728]",0.689,0.093,0.926,20.251,ngd+lm,65,132681207.695,0.118,0.000,0.039,0,0,fp
k2,0.623,"[0.16, 1.087]",0.464,2.242,0.028,20.251,ngd+lm,65,132681207.695,0.118,0.000,0.623,0,1,fp
k3,-0.302,"[-0.897, 0.292]",0.595,-0.848,0.400,20.251,ngd+lm,65,132681207.695,0.118,0.000,-0.302,0,0,fp
k4,-0.541,"[-1.385, 0.304]",0.845,-1.068,0.289,20.251,ngd+lm,65,132681207.695,0.118,0.000,-0.541,0,0,fp
k5,-0.195,"[-0.855, 0.465]",0.660,-0.493,0.624,20.251,ngd+lm,65,132681207.695,0.118,0.000,-0.195,0,0,fp
vot,0.169,,,,,20.251,ngd+lm,65,132681207.695,0.118,0.167,0.002,0,0,fn
tt,-0.875,"[-1.439, -0.311]",0.564,-2.588,0.012,9.966,ngd,66,310311933.778,0.179,-1.000,0.125,0,0,fn
c,-6.925,"[-10.9, -2.95]",3.975,-2.905,0.005,9.966,ngd,66,310311933.778,0.179,-6.000,-0.925,0,0,fn
s,-4.269,"[-6.644, -1.895]",2.374,-2.999,0.004,9.966,ngd,66,310311933.778,0.179,-3.000,-1.269,0,0,fn
k0,-1.401,"[-2.555, -0.247]",1.154,-2.025,0.047,9.966,ngd,66,310311933.778,0.179,0.000,-1.401,0,1,fp
k1,-0.818,"[-1.792, 0.155]",0.974,-1.402,0.165,9.966,ngd,66,310311933.778,0.179,0.000,-0.818,0,0,fp
k2,0.350,"[-0.279, 0.978]",0.629,0.928,0.357,9.966,ngd,66,310311933.778,0.179,0.000,0.350,0,0,fp
k3,-0.440,"[-1.319, 0.44]",0.879,-0.834,0.407,9.966,ngd,66,310311933.778,0.179,0.000,-0.440,0,0,fp
k4,-0.230,"[-1.207, 0.747]",0.977,-0.392,0.696,9.966,ngd,66,310311933.778,0.179,0.000,-0.230,0,0,fp
k5,1.619,"[0.189, 3.049]",1.430,1.888,0.063,9.966,ngd,66,310311933.778,0.179,0.000,1.619,0,1,fp
vot,0.126,,,,,9.966,ngd,66,310311933.778,0.179,0.167,-0.040,0,0,fn
tt,-1.249,"[-2.929, 0.43]",1.680,-1.241,0.219,10.531,lm,66,1073515651.604,0.333,-1.000,-0.249,1,0,fn
c,-8.876,"[-20.842, 3.09]",11.966,-1.237,0.220,10.531,lm,66,1073515651.604,0.333,-6.000,-2.876,1,0,fn
s,-3.048,"[-6.95, 0.854]",3.902,-1.303,0.197,10.531,lm,66,1073515651.604,0.333,-3.000,-0.048,1,0,fn
k0,1.617,"[-1.356, 4.59]",2.973,0.907,0.367,10.531,lm,66,1073515651.604,0.333,0.000,1.617,0,0,fp
k1,-2.781,"[-7.497, 1.935]",4.716,-0.984,0.329,10.531,lm,66,1073515651.604,0.333,0.000,-2.781,0,0,fp
k2,-2.393,"[-5.295, 0.508]",2.901,-1.376,0.173,10.531,lm,66,1073515651.604,0.333,0.000,-2.393,0,0,fp
k3,-3.160,"[-7.581, 1.261]",4.421,-1.192,0.237,10.531,lm,66,1073515651.604,0.333,0.000,-3.160,0,0,fp
k4,4.717,"[-1.576, 11.01]",6.293,1.250,0.216,10.531,lm,66,1073515651.604,0.333,0.000,4.717,0,0,fp
k5,1.382,"[-2.045, 4.809]",3.427,0.673,0.504,10.531,lm,66,1073515651.604,0.333,0.000,1.382,0,0,fp
vot,0.141,,,,,10.531,lm,66,1073515651.604,0.333,0.167,-0.026,0,0,fn
tt,-0.778,"[-1.089, -0.467]",0.311,-4.171,0.000,20.336,ngd+lm,66,201842648.661,0.145,-1.000,0.222,0,0,fn
c,-4.899,"[-6.691, -3.107]",1.792,-4.561,0.000,20.336,ngd+lm,66,201842648.661,0.145,-6.000,1.101,0,0,fn
s,-2.556,"[-3.441, -1.671]",0.885,-4.817,0.000,20.336,ngd+lm,66,201842648.661,0.145,-3.000,0.444,0,0,fn
k0,0.155,"[-0.301, 0.611]",0.456,0.566,0.573,20.336,ngd+lm,66,201842648.661,0.145,0.000,0.155,0,0,fp
k1,0.187,"[-0.329, 0.703]",0.516,0.604,0.548,20.336,ngd+lm,66,201842648.661,0.145,0.000,0.187,0,0,fp
k2,0.066,"[-0.274, 0.407]",0.340,0.324,0.747,20.336,ngd+lm,66,201842648.661,0.145,0.000,0.066,0,0,fp
k3,-0.054,"[-0.479, 0.371]",0.425,-0.213,0.832,20.336,ngd+lm,66,201842648.661,0.145,0.000,-0.054,0,0,fp
k4,0.097,"[-0.353, 0.547]",0.450,0.360,0.720,20.336,ngd+lm,66,201842648.661,0.145,0.000,0.097,0,0,fp
k5,0.073,"[-0.553, 0.7]",0.627,0.195,0.846,20.336,ngd+lm,66,201842648.661,0.145,0.000,0.073,0,0,fp
vot,0.159,,,,,20.336,ngd+lm,66,201842648.661,0.145,0.167,-0.008,0,0,fn
tt,-0.606,"[-0.929, -0.283]",0.323,-3.126,0.003,9.989,ngd,67,435956430.115,0.219,-1.000,0.394,0,0,fn
c,-4.746,"[-6.901, -2.591]",2.155,-3.673,0.000,9.989,ngd,67,435956430.115,0.219,-6.000,1.254,0,0,fn
s,-2.478,"[-3.548, -1.409]",1.070,-3.864,0.000,9.989,ngd,67,435956430.115,0.219,-3.000,0.522,0,0,fn
k0,0.159,"[-0.372, 0.689]",0.531,0.498,0.620,9.989,ngd,67,435956430.115,0.219,0.000,0.159,0,0,fp
k1,-0.870,"[-1.557, -0.183]",0.687,-2.113,0.038,9.989,ngd,67,435956430.115,0.219,0.000,-0.870,0,1,fp
k2,0.081,"[-0.544, 0.706]",0.625,0.216,0.829,9.989,ngd,67,435956430.115,0.219,0.000,0.081,0,0,fp
k3,-0.639,"[-1.341, 0.062]",0.701,-1.521,0.133,9.989,ngd,67,435956430.115,0.219,0.000,-0.639,0,0,fp
k4,-0.406,"[-1.088, 0.277]",0.682,-0.992,0.325,9.989,ngd,67,435956430.115,0.219,0.000,-0.406,0,0,fp
k5,1.007,"[0.162, 1.852]",0.845,1.988,0.051,9.989,ngd,67,435956430.115,0.219,0.000,1.007,0,1,fp
vot,0.128,,,,,9.989,ngd,67,435956430.115,0.219,0.167,-0.039,0,0,fn
tt,0.910,"[-0.557, 2.376]",1.466,1.035,0.304,10.594,lm,67,7506764674.170,0.910,-1.000,1.910,1,0,fn
c,-4.332,"[-13.055, 4.391]",8.723,-0.828,0.410,10.594,lm,67,7506764674.170,0.910,-6.000,1.668,1,0,fn
s,-2.451,"[-6.285, 1.383]",3.834,-1.066,0.290,10.594,lm,67,7506764674.170,0.910,-3.000,0.549,1,0,fn
k0,1.088,"[-2.414, 4.591]",3.502,0.518,0.606,10.594,lm,67,7506764674.170,0.910,0.000,1.088,0,0,fp
k1,-0.733,"[-4.064, 2.599]",3.332,-0.367,0.715,10.594,lm,67,7506764674.170,0.910,0.000,-0.733,0,0,fp
k2,0.459,"[-2.144, 3.063]",2.603,0.294,0.769,10.594,lm,67,7506764674.170,0.910,0.000,0.459,0,0,fp
k3,-0.525,"[-2.976, 1.926]",2.451,-0.357,0.722,10.594,lm,67,7506764674.170,0.910,0.000,-0.525,0,0,fp
k4,-0.002,"[-2.062, 2.058]",2.060,-0.002,0.999,10.594,lm,67,7506764674.170,0.910,0.000,-0.002,0,0,fp
k5,1.637,"[-2.375, 5.648]",4.012,0.680,0.499,10.594,lm,67,7506764674.170,0.910,0.000,1.637,0,0,fp
vot,-0.210,,,,,10.594,lm,67,7506764674.170,0.910,0.167,-0.377,0,0,fn
tt,-1.295,"[-1.779, -0.811]",0.484,-4.462,0.000,20.648,ngd+lm,67,171779199.956,0.138,-1.000,-0.295,0,0,fn
c,-7.781,"[-10.902, -4.659]",3.121,-4.158,0.000,20.648,ngd+lm,67,171779199.956,0.138,-6.000,-1.781,0,0,fn
s,-3.843,"[-5.24, -2.447]",1.397,-4.590,0.000,20.648,ngd+lm,67,171779199.956,0.138,-3.000,-0.843,0,0,fn
k0,-0.126,"[-0.68, 0.427]",0.554,-0.380,0.705,20.648,ngd+lm,67,171779199.956,0.138,0.000,-0.126,0,0,fp
k1,0.359,"[-0.245, 0.963]",0.604,0.991,0.325,20.648,ngd+lm,67,171779199.956,0.138,0.000,0.359,0,0,fp
k2,-0.334,"[-0.929, 0.261]",0.595,-0.937,0.352,20.648,ngd+lm,67,171779199.956,0.138,0.000,-0.334,0,0,fp
k3,-0.009,"[-0.623, 0.606]",0.614,-0.023,0.981,20.648,ngd+lm,67,171779199.956,0.138,0.000,-0.009,0,0,fp
k4,-0.214,"[-0.94, 0.512]",0.726,-0.491,0.625,20.648,ngd+lm,67,171779199.956,0.138,0.000,-0.214,0,0,fp
k5,0.003,"[-0.591, 0.597]",0.594,0.009,0.993,20.648,ngd+lm,67,171779199.956,0.138,0.000,0.003,0,0,fp
vot,0.166,,,,,20.648,ngd+lm,67,171779199.956,0.138,0.167,-0.000,0,0,fn
tt,-1.149,"[-2.078, -0.22]",0.929,-2.063,0.043,9.814,ngd,68,374615328.861,0.199,-1.000,-0.149,0,0,fn
c,-7.675,"[-13.536, -1.815]",5.861,-2.184,0.032,9.814,ngd,68,374615328.861,0.199,-6.000,-1.675,0,0,fn
s,-4.137,"[-7.39, -0.883]",3.254,-2.121,0.038,9.814,ngd,68,374615328.861,0.199,-3.000,-1.137,0,0,fn
k0,1.367,"[0.114, 2.62]",1.253,1.820,0.073,9.814,ngd,68,374615328.861,0.199,0.000,1.367,0,1,fp
k1,1.122,"[-0.582, 2.826]",1.704,1.098,0.276,9.814,ngd,68,374615328.861,0.199,0.000,1.122,0,0,fp
k2,0.571,"[-0.462, 1.605]",1.034,0.922,0.360,9.814,ngd,68,374615328.861,0.199,0.000,0.571,0,0,fp
k3,-0.979,"[-2.645, 0.687]",1.666,-0.980,0.330,9.814,ngd,68,374615328.861,0.199,0.000,-0.979,0,0,fp
k4,-1.483,"[-3.075, 0.109]",1.592,-1.554,0.125,9.814,ngd,68,374615328.861,0.199,0.000,-1.483,0,0,fp
k5,-1.117,"[-2.461, 0.227]",1.344,-1.386,0.170,9.814,ngd,68,374615328.861,0.199,0.000,-1.117,0,0,fp
vot,0.150,,,,,9.814,ngd,68,374615328.861,0.199,0.167,-0.017,0,0,fn
tt,0.239,"[-0.462, 0.941]",0.701,0.568,0.572,10.784,lm,68,2626236291.520,0.526,-1.000,1.239,1,0,fn
c,-7.393,"[-22.95, 8.164]",15.557,-0.793,0.431,10.784,lm,68,2626236291.520,0.526,-6.000,-1.393,1,0,fn
s,-4.172,"[-12.62, 4.276]",8.448,-0.824,0.413,10.784,lm,68,2626236291.520,0.526,-3.000,-1.172,1,0,fn
k0,1.995,"[-3.476, 7.466]",5.471,0.608,0.545,10.784,lm,68,2626236291.520,0.526,0.000,1.995,0,0,fp
k1,1.946,"[-3.884, 7.776]",5.830,0.557,0.580,10.784,lm,68,2626236291.520,0.526,0.000,1.946,0,0,fp
k2,0.713,"[-2.657, 4.083]",3.370,0.353,0.725,10.784,lm,68,2626236291.520,0.526,0.000,0.713,0,0,fp
k3,-0.939,"[-5.338, 3.46]",4.399,-0.356,0.723,10.784,lm,68,2626236291.520,0.526,0.000,-0.939,0,0,fp
k4,-1.568,"[-5.925, 2.79]",4.357,-0.600,0.550,10.784,lm,68,2626236291.520,0.526,0.000,-1.568,0,0,fp
k5,-1.621,"[-5.789, 2.548]",4.169,-0.648,0.519,10.784,lm,68,2626236291.520,0.526,0.000,-1.621,0,0,fp
vot,-0.032,,,,,10.784,lm,68,2626236291.520,0.526,0.167,-0.199,0,0,fn
tt,-1.013,"[-1.414, -0.612]",0.401,-4.216,0.000,20.233,ngd+lm,68,192089388.855,0.142,-1.000,-0.013,0,0,fn
c,-5.876,"[-8.237, -3.515]",2.361,-4.151,0.000,20.233,ngd+lm,68,192089388.855,0.142,-6.000,0.124,0,0,fn
s,-2.803,"[-3.884, -1.722]",1.081,-4.324,0.000,20.233,ngd+lm,68,192089388.855,0.142,-3.000,0.197,0,0,fn
k0,0.389,"[-0.143, 0.922]",0.533,1.219,0.227,20.233,ngd+lm,68,192089388.855,0.142,0.000,0.389,0,0,fp
k1,0.195,"[-0.386, 0.776]",0.581,0.559,0.578,20.233,ngd+lm,68,192089388.855,0.142,0.000,0.195,0,0,fp
k2,0.381,"[-0.123, 0.884]",0.504,1.260,0.212,20.233,ngd+lm,68,192089388.855,0.142,0.000,0.381,0,0,fp
k3,-0.522,"[-1.206, 0.162]",0.684,-1.272,0.208,20.233,ngd+lm,68,192089388.855,0.142,0.000,-0.522,0,0,fp
k4,-0.314,"[-0.93, 0.303]",0.616,-0.849,0.399,20.233,ngd+lm,68,192089388.855,0.142,0.000,-0.314,0,0,fp
k5,0.103,"[-0.462, 0.669]",0.566,0.305,0.761,20.233,ngd+lm,68,192089388.855,0.142,0.000,0.103,0,0,fp
vot,0.172,,,,,20.233,ngd+lm,68,192089388.855,0.142,0.167,0.006,0,0,fn
tt,-1.034,"[-1.547, -0.521]",0.513,-3.363,0.001,9.928,ngd,69,290567004.650,0.174,-1.000,-0.034,0,0,fn
c,-7.465,"[-11.199, -3.731]",3.734,-3.334,0.001,9.928,ngd,69,290567004.650,0.174,-6.000,-1.465,0,0,fn
s,-3.742,"[-5.492, -1.992]",1.750,-3.567,0.001,9.928,ngd,69,290567004.650,0.174,-3.000,-0.742,0,0,fn
k0,-0.049,"[-0.819, 0.722]",0.770,-0.105,0.916,9.928,ngd,69,290567004.650,0.174,0.000,-0.049,0,0,fp
k1,0.370,"[-0.393, 1.132]",0.763,0.808,0.422,9.928,ngd,69,290567004.650,0.174,0.000,0.370,0,0,fp
k2,0.429,"[-0.292, 1.149]",0.720,0.993,0.324,9.928,ngd,69,290567004.650,0.174,0.000,0.429,0,0,fp
k3,0.476,"[-0.332, 1.284]",0.808,0.982,0.330,9.928,ngd,69,290567004.650,0.174,0.000,0.476,0,0,fp
k4,0.099,"[-0.513, 0.71]",0.612,0.269,0.789,9.928,ngd,69,290567004.650,0.174,0.000,0.099,0,0,fp
k5,-0.828,"[-1.793, 0.138]",0.965,-1.430,0.157,9.928,ngd,69,290567004.650,0.174,0.000,-0.828,0,0,fp
vot,0.139,,,,,9.928,ngd,69,290567004.650,0.174,0.167,-0.028,0,0,fn
tt,-1.997,"[-4.231, 0.237]",2.234,-1.491,0.141,10.586,lm,69,1250775925.135,0.360,-1.000,-0.997,1,0,fn
c,-7.122,"[-15.476, 1.231]",8.354,-1.422,0.160,10.586,lm,69,1250775925.135,0.360,-6.000,-1.122,1,0,fn
s,-3.307,"[-7.205, 0.592]",3.898,-1.415,0.162,10.586,lm,69,1250775925.135,0.360,-3.000,-0.307,1,0,fn
k0,0.426,"[-1.78, 2.632]",2.206,0.322,0.748,10.586,lm,69,1250775925.135,0.360,0.000,0.426,0,0,fp
k1,0.760,"[-1.521, 3.042]",2.282,0.556,0.580,10.586,lm,69,1250775925.135,0.360,0.000,0.760,0,0,fp
k2,1.231,"[-0.331, 2.793]",1.562,1.315,0.193,10.586,lm,69,1250775925.135,0.360,0.000,1.231,0,0,fp
k3,1.278,"[-1.035, 3.592]",2.313,0.922,0.360,10.586,lm,69,1250775925.135,0.360,0.000,1.278,0,0,fp
k4,0.835,"[-1.13, 2.801]",1.966,0.709,0.481,10.586,lm,69,1250775925.135,0.360,0.000,0.835,0,0,fp
k5,-0.833,"[-3.074, 1.409]",2.241,-0.620,0.538,10.586,lm,69,1250775925.135,0.360,0.000,-0.833,0,0,fp
vot,0.280,,,,,10.586,lm,69,1250775925.135,0.360,0.167,0.114,0,0,fn
tt,-0.960,"[-1.328, -0.593]",0.368,-4.358,0.000,20.401,ngd+lm,69,224066550.564,0.152,-1.000,0.040,0,0,fn
c,-5.504,"[-7.769, -3.24]",2.264,-4.055,0.000,20.401,ngd+lm,69,224066550.564,0.152,-6.000,0.496,0,0,fn
s,-2.973,"[-4.064, -1.882]",1.091,-4.545,0.000,20.401,ngd+lm,69,224066550.564,0.152,-3.000,0.027,0,0,fn
k0,-0.068,"[-0.642, 0.506]",0.574,-0.198,0.844,20.401,ngd+lm,69,224066550.564,0.152,0.000,-0.068,0,0,fp
k1,0.132,"[-0.47, 0.735]",0.602,0.367,0.715,20.401,ngd+lm,69,224066550.564,0.152,0.000,0.132,0,0,fp
k2,0.023,"[-0.521, 0.567]",0.544,0.071,0.944,20.401,ngd+lm,69,224066550.564,0.152,0.000,0.023,0,0,fp
k3,0.102,"[-0.403, 0.607]",0.505,0.338,0.737,20.401,ngd+lm,69,224066550.564,0.152,0.000,0.102,0,0,fp
k4,-0.226,"[-0.708, 0.257]",0.483,-0.781,0.438,20.401,ngd+lm,69,224066550.564,0.152,0.000,-0.226,0,0,fp
k5,-0.178,"[-0.8, 0.444]",0.622,-0.477,0.635,20.401,ngd+lm,69,224066550.564,0.152,0.000,-0.178,0,0,fp
vot,0.174,,,,,20.401,ngd+lm,69,224066550.564,0.152,0.167,0.008,0,0,fn
tt,-1.268,"[-1.933, -0.604]",0.664,-3.183,0.002,10.052,ngd,70,288037774.279,0.174,-1.000,-0.268,0,0,fn
c,-5.119,"[-7.551, -2.686]",2.432,-3.510,0.001,10.052,ngd,70,288037774.279,0.174,-6.000,0.881,0,0,fn
s,-3.990,"[-6.168, -1.813]",2.178,-3.056,0.003,10.052,ngd,70,288037774.279,0.174,-3.000,-0.990,0,0,fn
k0,0.643,"[-0.284, 1.57]",0.927,1.156,0.252,10.052,ngd,70,288037774.279,0.174,0.000,0.643,0,0,fp
k1,-0.078,"[-0.911, 0.754]",0.833,-0.157,0.876,10.052,ngd,70,288037774.279,0.174,0.000,-0.078,0,0,fp
k2,-0.427,"[-1.375, 0.521]",0.948,-0.751,0.456,10.052,ngd,70,288037774.279,0.174,0.000,-0.427,0,0,fp
k3,0.445,"[-0.443, 1.333]",0.888,0.835,0.406,10.052,ngd,70,288037774.279,0.174,0.000,0.445,0,0,fp
k4,0.610,"[-0.269, 1.49]",0.880,1.157,0.251,10.052,ngd,70,288037774.279,0.174,0.000,0.610,0,0,fp
k5,-0.770,"[-1.711, 0.171]",0.941,-1.365,0.177,10.052,ngd,70,288037774.279,0.174,0.000,-0.770,0,0,fp
vot,0.248,,,,,10.052,ngd,70,288037774.279,0.174,0.167,0.081,0,0,fn
tt,-2.912,"[-8.05, 2.226]",5.138,-0.945,0.348,10.819,lm,70,2759704165.042,0.539,-1.000,-1.912,1,0,fn
c,-4.207,"[-12.168, 3.755]",7.962,-0.881,0.381,10.819,lm,70,2759704165.042,0.539,-6.000,1.793,1,0,fn
s,-3.252,"[-8.777, 2.273]",5.525,-0.982,0.330,10.819,lm,70,2759704165.042,0.539,-3.000,-0.252,1,0,fn
k0,1.309,"[-2.733, 5.351]",4.042,0.540,0.591,10.819,lm,70,2759704165.042,0.539,0.000,1.309,0,0,fp
k1,0.865,"[-2.677, 4.406]",3.542,0.407,0.685,10.819,lm,70,2759704165.042,0.539,0.000,0.865,0,0,fp
k2,0.119,"[-3.044, 3.281]",3.163,0.063,0.950,10.819,lm,70,2759704165.042,0.539,0.000,0.119,0,0,fp
k3,1.457,"[-2.775, 5.689]",4.232,0.574,0.568,10.819,lm,70,2759704165.042,0.539,0.000,1.457,0,0,fp
k4,1.799,"[-1.942, 5.539]",3.740,0.802,0.425,10.819,lm,70,2759704165.042,0.539,0.000,1.799,0,0,fp
k5,-0.116,"[-2.537, 2.305]",2.421,-0.080,0.937,10.819,lm,70,2759704165.042,0.539,0.000,-0.116,0,0,fp
vot,0.692,,,,,10.819,lm,70,2759704165.042,0.539,0.167,0.526,0,0,fn
tt,-1.168,"[-1.655, -0.681]",0.487,-4.000,0.000,20.521,ngd+lm,70,162150147.834,0.131,-1.000,-0.168,0,0,fn
c,-7.104,"[-10.001, -4.207]",2.897,-4.090,0.000,20.521,ngd+lm,70,162150147.834,0.131,-6.000,-1.104,0,0,fn
s,-3.991,"[-5.575, -2.407]",1.584,-4.202,0.000,20.521,ngd+lm,70,162150147.834,0.131,-3.000,-0.991,0,0,fn
k0,-0.244,"[-0.998, 0.51]",0.754,-0.540,0.591,20.521,ngd+lm,70,162150147.834,0.131,0.000,-0.244,0,0,fp
k1,0.215,"[-0.384, 0.814]",0.599,0.598,0.552,20.521,ngd+lm,70,162150147.834,0.131,0.000,0.215,0,0,fp
k2,-0.145,"[-1.023, 0.733]",0.878,-0.276,0.783,20.521,ngd+lm,70,162150147.834,0.131,0.000,-0.145,0,0,fp
k3,-0.228,"[-0.82, 0.364]",0.592,-0.642,0.523,20.521,ngd+lm,70,162150147.834,0.131,0.000,-0.228,0,0,fp
k4,0.165,"[-0.392, 0.722]",0.557,0.494,0.623,20.521,ngd+lm,70,162150147.834,0.131,0.000,0.165,0,0,fp
k5,0.318,"[-0.258, 0.894]",0.576,0.922,0.360,20.521,ngd+lm,70,162150147.834,0.131,0.000,0.318,0,0,fp
vot,0.164,,,,,20.521,ngd+lm,70,162150147.834,0.131,0.167,-0.002,0,0,fn
tt,-1.893,"[-3.504, -0.283]",1.610,-1.961,0.054,9.896,ngd,71,295458358.887,0.170,-1.000,-0.893,0,0,fn
c,-7.253,"[-13.141, -1.364]",5.889,-2.054,0.044,9.896,ngd,71,295458358.887,0.170,-6.000,-1.253,0,0,fn
s,-5.055,"[-9.945, -0.165]",4.890,-1.724,0.089,9.896,ngd,71,295458358.887,0.170,-3.000,-2.055,0,0,fn
k0,-0.860,"[-3.738, 2.018]",2.878,-0.498,0.620,9.896,ngd,71,295458358.887,0.170,0.000,-0.860,0,0,fp
k1,-0.717,"[-2.318, 0.884]",1.601,-0.747,0.458,9.896,ngd,71,295458358.887,0.170,0.000,-0.717,0,0,fp
k2,0.326,"[-1.203, 1.855]",1.529,0.356,0.723,9.896,ngd,71,295458358.887,0.170,0.000,0.326,0,0,fp
k3,-0.464,"[-1.284, 0.356]",0.820,-0.944,0.349,9.896,ngd,71,295458358.887,0.170,0.000,-0.464,0,0,fp
k4,-0.445,"[-2.247, 1.357]",1.802,-0.412,0.682,9.896,ngd,71,295458358.887,0.170,0.000,-0.445,0,0,fp
k5,-0.921,"[-2.571, 0.728]",1.650,-0.931,0.355,9.896,ngd,71,295458358.887,0.170,0.000,-0.921,0,0,fp
vot,0.261,,,,,9.896,ngd,71,295458358.887,0.170,0.167,0.094,0,0,fn
tt,-2.181,"[-4.02, -0.342]",1.839,-1.978,0.052,10.945,lm,71,521152176.801,0.226,-1.000,-1.181,0,0,fn
c,-6.906,"[-13.163, -0.648]",6.257,-1.841,0.070,10.945,lm,71,521152176.801,0.226,-6.000,-0.906,0,0,fn
s,-4.691,"[-10.057, 0.676]",5.366,-1.458,0.150,10.945,lm,71,521152176.801,0.226,-3.000,-1.691,1,0,fn
k0,-1.883,"[-6.163, 2.396]",4.279,-0.734,0.465,10.945,lm,71,521152176.801,0.226,0.000,-1.883,0,0,fp
k1,-1.424,"[-3.812, 0.965]",2.389,-0.994,0.324,10.945,lm,71,521152176.801,0.226,0.000,-1.424,0,0,fp
k2,0.185,"[-1.978, 2.348]",2.163,0.143,0.887,10.945,lm,71,521152176.801,0.226,0.000,0.185,0,0,fp
k3,-0.259,"[-1.5, 0.983]",1.241,-0.347,0.729,10.945,lm,71,521152176.801,0.226,0.000,-0.259,0,0,fp
k4,-1.316,"[-4.276, 1.643]",2.960,-0.742,0.461,10.945,lm,71,521152176.801,0.226,0.000,-1.316,0,0,fp
k5,-1.173,"[-3.122, 0.777]",1.949,-1.003,0.319,10.945,lm,71,521152176.801,0.226,0.000,-1.173,0,0,fp
vot,0.316,,,,,10.945,lm,71,521152176.801,0.226,0.167,0.149,0,0,fn
tt,-1.893,"[-3.504, -0.283]",1.610,-1.961,0.054,20.201,ngd+lm,71,295458358.887,0.170,-1.000,-0.893,0,0,fn
c,-7.253,"[-13.141, -1.364]",5.889,-2.054,0.044,20.201,ngd+lm,71,295458358.887,0.170,-6.000,-1.253,0,0,fn
s,-5.055,"[-9.945, -0.165]",4.890,-1.724,0.089,20.201,ngd+lm,71,295458358.887,0.170,-3.000,-2.055,0,0,fn
k0,-0.860,"[-3.738, 2.018]",2.878,-0.498,0.620,20.201,ngd+lm,71,295458358.887,0.170,0.000,-0.860,0,0,fp
k1,-0.717,"[-2.318, 0.884]",1.601,-0.747,0.458,20.201,ngd+lm,71,295458358.887,0.170,0.000,-0.717,0,0,fp
k2,0.326,"[-1.203, 1.855]",1.529,0.356,0.723,20.201,ngd+lm,71,295458358.887,0.170,0.000,0.326,0,0,fp
k3,-0.464,"[-1.284, 0.356]",0.820,-0.944,0.349,20.201,ngd+lm,71,295458358.887,0.170,0.000,-0.464,0,0,fp
k4,-0.445,"[-2.247, 1.357]",1.802,-0.412,0.682,20.201,ngd+lm,71,295458358.887,0.170,0.000,-0.445,0,0,fp
k5,-0.921,"[-2.571, 0.728]",1.650,-0.931,0.355,20.201,ngd+lm,71,295458358.887,0.170,0.000,-0.921,0,0,fp
vot,0.261,,,,,20.201,ngd+lm,71,295458358.887,0.170,0.167,0.094,0,0,fn
tt,-1.208,"[-2.162, -0.254]",0.954,-2.113,0.038,9.969,ngd,72,378268120.106,0.195,-1.000,-0.208,0,0,fn
c,-7.083,"[-12.766, -1.399]",5.684,-2.078,0.041,9.969,ngd,72,378268120.106,0.195,-6.000,-1.083,0,0,fn
s,-4.801,"[-8.045, -1.557]",3.244,-2.468,0.016,9.969,ngd,72,378268120.106,0.195,-3.000,-1.801,0,0,fn
k0,-1.326,"[-3.177, 0.525]",1.851,-1.195,0.236,9.969,ngd,72,378268120.106,0.195,0.000,-1.326,0,0,fp
k1,-0.336,"[-2.269, 1.597]",1.933,-0.290,0.773,9.969,ngd,72,378268120.106,0.195,0.000,-0.336,0,0,fp
k2,-0.375,"[-1.697, 0.947]",1.322,-0.473,0.638,9.969,ngd,72,378268120.106,0.195,0.000,-0.375,0,0,fp
k3,-0.213,"[-1.617, 1.191]",1.404,-0.253,0.801,9.969,ngd,72,378268120.106,0.195,0.000,-0.213,0,0,fp
k4,1.462,"[-0.238, 3.162]",1.700,1.434,0.156,9.969,ngd,72,378268120.106,0.195,0.000,1.462,0,0,fp
k5,0.996,"[-0.339, 2.332]",1.335,1.244,0.218,9.969,ngd,72,378268120.106,0.195,0.000,0.996,0,0,fp
vot,0.171,,,,,9.969,ngd,72,378268120.106,0.195,0.167,0.004,0,0,fn
tt,-2.206,"[-5.177, 0.765]",2.971,-1.239,0.220,10.531,lm,72,743975845.591,0.273,-1.000,-1.206,1,0,fn
c,-6.633,"[-16.244, 2.979]",9.612,-1.151,0.254,10.531,lm,72,743975845.591,0.273,-6.000,-0.633,1,0,fn
s,-4.989,"[-11.412, 1.435]",6.424,-1.295,0.200,10.531,lm,72,743975845.591,0.273,-3.000,-1.989,1,0,fn
k0,-1.283,"[-5.786, 3.22]",4.503,-0.475,0.636,10.531,lm,72,743975845.591,0.273,0.000,-1.283,0,0,fp
k1,-0.286,"[-2.542, 1.97]",2.256,-0.212,0.833,10.531,lm,72,743975845.591,0.273,0.000,-0.286,0,0,fp
k2,-0.290,"[-2.295, 1.714]",2.005,-0.241,0.810,10.531,lm,72,743975845.591,0.273,0.000,-0.290,0,0,fp
k3,-0.169,"[-2.013, 1.675]",1.844,-0.153,0.879,10.531,lm,72,743975845.591,0.273,0.000,-0.169,0,0,fp
k4,1.598,"[-1.889, 5.086]",3.487,0.764,0.447,10.531,lm,72,743975845.591,0.273,0.000,1.598,0,0,fp
k5,1.320,"[-1.159, 3.8]",2.479,0.888,0.378,10.531,lm,72,743975845.591,0.273,0.000,1.320,0,0,fp
vot,0.333,,,,,10.531,lm,72,743975845.591,0.273,0.167,0.166,0,0,fn
tt,-0.829,"[-1.178, -0.481]",0.348,-3.971,0.000,20.380,ngd+lm,72,190877276.081,0.138,-1.000,0.171,0,0,fn
c,-5.256,"[-7.53, -2.983]",2.273,-3.856,0.000,20.380,ngd+lm,72,190877276.081,0.138,-6.000,0.744,0,0,fn
s,-2.381,"[-3.333, -1.43]",0.952,-4.174,0.000,20.380,ngd+lm,72,190877276.081,0.138,-3.000,0.619,0,0,fn
k0,0.159,"[-0.468, 0.785]",0.626,0.422,0.674,20.380,ngd+lm,72,190877276.081,0.138,0.000,0.159,0,0,fp
k1,-0.639,"[-1.285, 0.007]",0.646,-1.651,0.103,20.380,ngd+lm,72,190877276.081,0.138,0.000,-0.639,0,0,fp
k2,-0.047,"[-0.53, 0.435]",0.482,-0.164,0.870,20.380,ngd+lm,72,190877276.081,0.138,0.000,-0.047,0,0,fp
k3,0.231,"[-0.4, 0.862]",0.631,0.611,0.543,20.380,ngd+lm,72,190877276.081,0.138,0.000,0.231,0,0,fp
k4,0.077,"[-0.486, 0.639]",0.563,0.227,0.821,20.380,ngd+lm,72,190877276.081,0.138,0.000,0.077,0,0,fp
k5,-0.476,"[-1.055, 0.104]",0.580,-1.368,0.176,20.380,ngd+lm,72,190877276.081,0.138,0.000,-0.476,0,0,fp
vot,0.158,,,,,20.380,ngd+lm,72,190877276.081,0.138,0.167,-0.009,0,0,fn
tt,-1.096,"[-1.726, -0.465]",0.631,-2.898,0.005,9.896,ngd,73,310600604.663,0.182,-1.000,-0.096,0,0,fn
c,-7.179,"[-11.034, -3.324]",3.855,-3.106,0.003,9.896,ngd,73,310600604.663,0.182,-6.000,-1.179,0,0,fn
s,-3.021,"[-4.691, -1.352]",1.670,-3.018,0.004,9.896,ngd,73,310600604.663,0.182,-3.000,-0.021,0,0,fn
k0,0.558,"[-0.149, 1.265]",0.707,1.315,0.193,9.896,ngd,73,310600604.663,0.182,0.000,0.558,0,0,fp
k1,0.001,"[-1.074, 1.077]",1.076,0.002,0.998,9.896,ngd,73,310600604.663,0.182,0.000,0.001,0,0,fp
k2,-0.842,"[-1.694, 0.009]",0.852,-1.650,0.104,9.896,ngd,73,310600604.663,0.182,0.000,-0.842,0,0,fp
k3,0.660,"[-0.118, 1.438]",0.778,1.415,0.162,9.896,ngd,73,310600604.663,0.182,0.000,0.660,0,0,fp
k4,-0.615,"[-1.355, 0.125]",0.740,-1.386,0.170,9.896,ngd,73,310600604.663,0.182,0.000,-0.615,0,0,fp
k5,-0.874,"[-1.726, -0.022]",0.852,-1.712,0.092,9.896,ngd,73,310600604.663,0.182,0.000,-0.874,0,1,fp
vot,0.153,,,,,9.896,ngd,73,310600604.663,0.182,0.167,-0.014,0,0,fn
tt,-0.989,"[-1.971, -0.006]",0.983,-1.678,0.098,10.993,lm,73,661728302.833,0.266,-1.000,0.011,0,0,fn
c,-6.934,"[-13.125, -0.743]",6.191,-1.868,0.066,10.993,lm,73,661728302.833,0.266,-6.000,-0.934,0,0,fn
s,-2.375,"[-4.549, -0.2]",2.175,-1.821,0.073,10.993,lm,73,661728302.833,0.266,-3.000,0.625,0,0,fn
k0,1.591,"[-0.259, 3.442]",1.850,1.434,0.156,10.993,lm,73,661728302.833,0.266,0.000,1.591,0,0,fp
k1,-0.648,"[-2.199, 0.903]",1.551,-0.697,0.488,10.993,lm,73,661728302.833,0.266,0.000,-0.648,0,0,fp
k2,-1.673,"[-3.801, 0.455]",2.128,-1.311,0.194,10.993,lm,73,661728302.833,0.266,0.000,-1.673,0,0,fp
k3,1.114,"[-0.365, 2.593]",1.479,1.256,0.213,10.993,lm,73,661728302.833,0.266,0.000,1.114,0,0,fp
k4,-1.657,"[-3.397, 0.083]",1.740,-1.588,0.117,10.993,lm,73,661728302.833,0.266,0.000,-1.657,0,0,fp
k5,-1.388,"[-3.121, 0.345]",1.733,-1.336,0.186,10.993,lm,73,661728302.833,0.266,0.000,-1.388,0,0,fp
vot,0.143,,,,,10.993,lm,73,661728302.833,0.266,0.167,-0.024,0,0,fn
tt,-0.772,"[-1.019, -0.526]",0.247,-5.222,0.000,20.355,ngd+lm,73,161678893.210,0.131,-1.000,0.228,0,0,fn
c,-5.051,"[-6.483, -3.62]",1.431,-5.886,0.000,20.355,ngd+lm,73,161678893.210,0.131,-6.000,0.949,0,0,fn
s,-2.360,"[-3.067, -1.653]",0.707,-5.566,0.000,20.355,ngd+lm,73,161678893.210,0.131,-3.000,0.640,0,0,fn
k0,-0.254,"[-0.583, 0.076]",0.329,-1.285,0.203,20.355,ngd+lm,73,161678893.210,0.131,0.000,-0.254,0,0,fp
k1,-0.295,"[-0.88, 0.291]",0.585,-0.840,0.404,20.355,ngd+lm,73,161678893.210,0.131,0.000,-0.295,0,0,fp
k2,0.367,"[-0.005, 0.738]",0.372,1.645,0.105,20.355,ngd+lm,73,161678893.210,0.131,0.000,0.367,0,0,fp
k3,0.093,"[-0.277, 0.464]",0.371,0.420,0.676,20.355,ngd+lm,73,161678893.210,0.131,0.000,0.093,0,0,fp
k4,-0.063,"[-0.418, 0.292]",0.355,-0.295,0.769,20.355,ngd+lm,73,161678893.210,0.131,0.000,-0.063,0,0,fp
k5,0.498,"[0.049, 0.948]",0.450,1.848,0.069,20.355,ngd+lm,73,161678893.210,0.131,0.000,0.498,0,1,fp
vot,0.153,,,,,20.355,ngd+lm,73,161678893.210,0.131,0.167,-0.014,0,0,fn
tt,-1.435,"[-2.07, -0.8]",0.635,-3.768,0.000,9.772,ngd,74,246523734.476,0.156,-1.000,-0.435,0,0,fn
c,-7.703,"[-11.023, -4.384]",3.320,-3.870,0.000,9.772,ngd,74,246523734.476,0.156,-6.000,-1.703,0,0,fn
s,-3.526,"[-5.2, -1.852]",1.674,-3.513,0.001,9.772,ngd,74,246523734.476,0.156,-3.000,-0.526,0,0,fn
k0,0.529,"[-0.415, 1.473]",0.944,0.934,0.353,9.772,ngd,74,246523734.476,0.156,0.000,0.529,0,0,fp
k1,-0.362,"[-1.184, 0.461]",0.822,-0.734,0.466,9.772,ngd,74,246523734.476,0.156,0.000,-0.362,0,0,fp
k2,-0.383,"[-1.267, 0.502]",0.885,-0.721,0.473,9.772,ngd,74,246523734.476,0.156,0.000,-0.383,0,0,fp
k3,-0.044,"[-0.737, 0.649]",0.693,-0.106,0.916,9.772,ngd,74,246523734.476,0.156,0.000,-0.044,0,0,fp
k4,0.772,"[-0.136, 1.68]",0.908,1.419,0.161,9.772,ngd,74,246523734.476,0.156,0.000,0.772,0,0,fp
k5,-0.767,"[-1.814, 0.28]",1.047,-1.222,0.226,9.772,ngd,74,246523734.476,0.156,0.000,-0.767,0,0,fp
vot,0.186,,,,,9.772,ngd,74,246523734.476,0.156,0.167,0.020,0,0,fn
tt,0.955,"[-0.401, 2.311]",1.356,1.174,0.244,10.362,lm,74,2774910701.620,0.523,-1.000,1.955,1,0,fn
c,-7.653,"[-19.863, 4.557]",12.210,-1.045,0.300,10.362,lm,74,2774910701.620,0.523,-6.000,-1.653,1,0,fn
s,-3.583,"[-9.291, 2.124]",5.707,-1.047,0.299,10.362,lm,74,2774910701.620,0.523,-3.000,-0.583,1,0,fn
k0,0.838,"[-2.121, 3.798]",2.959,0.472,0.638,10.362,lm,74,2774910701.620,0.523,0.000,0.838,0,0,fp
k1,0.098,"[-2.118, 2.314]",2.216,0.074,0.941,10.362,lm,74,2774910701.620,0.523,0.000,0.098,0,0,fp
k2,-0.109,"[-2.475, 2.257]",2.366,-0.077,0.939,10.362,lm,74,2774910701.620,0.523,0.000,-0.109,0,0,fp
k3,-0.185,"[-3.202, 2.831]",3.017,-0.102,0.919,10.362,lm,74,2774910701.620,0.523,0.000,-0.185,0,0,fp
k4,1.433,"[-1.405, 4.27]",2.838,0.842,0.403,10.362,lm,74,2774910701.620,0.523,0.000,1.433,0,0,fp
k5,-0.348,"[-2.686, 1.99]",2.338,-0.248,0.805,10.362,lm,74,2774910701.620,0.523,0.000,-0.348,0,0,fp
vot,-0.125,,,,,10.362,lm,74,2774910701.620,0.523,0.167,-0.291,0,0,fn
tt,-1.045,"[-1.42, -0.67]",0.375,-4.651,0.000,20.331,ngd+lm,74,205122920.628,0.142,-1.000,-0.045,0,0,fn
c,-6.072,"[-8.317, -3.826]",2.245,-4.510,0.000,20.331,ngd+lm,74,205122920.628,0.142,-6.000,-0.072,0,0,fn
s,-2.916,"[-4.089, -1.743]",1.173,-4.145,0.000,20.331,ngd+lm,74,205122920.628,0.142,-3.000,0.084,0,0,fn
k0,0.140,"[-0.557, 0.837]",0.697,0.335,0.739,20.331,ngd+lm,74,205122920.628,0.142,0.000,0.140,0,0,fp
k1,-0.484,"[-1.131, 0.162]",0.647,-1.249,0.216,20.331,ngd+lm,74,205122920.628,0.142,0.000,-0.484,0,0,fp
k2,0.115,"[-0.481, 0.711]",0.596,0.322,0.748,20.331,ngd+lm,74,205122920.628,0.142,0.000,0.115,0,0,fp
k3,0.164,"[-0.364, 0.692]",0.528,0.518,0.606,20.331,ngd+lm,74,205122920.628,0.142,0.000,0.164,0,0,fp
k4,0.163,"[-0.417, 0.743]",0.580,0.468,0.641,20.331,ngd+lm,74,205122920.628,0.142,0.000,0.163,0,0,fp
k5,-0.423,"[-1.088, 0.243]",0.665,-1.059,0.293,20.331,ngd+lm,74,205122920.628,0.142,0.000,-0.423,0,0,fp
vot,0.172,,,,,20.331,ngd+lm,74,205122920.628,0.142,0.167,0.005,0,0,fn
tt,-1.033,"[-1.598, -0.467]",0.565,-3.047,0.003,9.833,ngd,75,230544571.235,0.153,-1.000,-0.033,0,0,fn
c,-6.311,"[-9.649, -2.973]",3.338,-3.153,0.002,9.833,ngd,75,230544571.235,0.153,-6.000,-0.311,0,0,fn
s,-2.822,"[-4.446, -1.197]",1.625,-2.897,0.005,9.833,ngd,75,230544571.235,0.153,-3.000,0.178,0,0,fn
k0,-0.559,"[-1.4, 0.282]",0.841,-1.109,0.272,9.833,ngd,75,230544571.235,0.153,0.000,-0.559,0,0,fp
k1,-1.238,"[-2.14, -0.336]",0.902,-2.289,0.025,9.833,ngd,75,230544571.235,0.153,0.000,-1.238,0,1,fp
k2,0.589,"[-0.257, 1.436]",0.846,1.161,0.250,9.833,ngd,75,230544571.235,0.153,0.000,0.589,0,0,fp
k3,0.797,"[-0.081, 1.674]",0.877,1.515,0.135,9.833,ngd,75,230544571.235,0.153,0.000,0.797,0,0,fp
k4,-0.050,"[-0.65, 0.551]",0.601,-0.138,0.891,9.833,ngd,75,230544571.235,0.153,0.000,-0.050,0,0,fp
k5,0.384,"[-0.343, 1.111]",0.727,0.880,0.382,9.833,ngd,75,230544571.235,0.153,0.000,0.384,0,0,fp
vot,0.164,,,,,9.833,ngd,75,230544571.235,0.153,0.167,-0.003,0,0,fn
tt,-1.592,"[-2.686, -0.498]",1.094,-2.427,0.018,10.505,lm,75,471388275.449,0.219,-1.000,-0.592,0,0,fn
c,-5.946,"[-9.672, -2.22]",3.726,-2.662,0.010,10.505,lm,75,471388275.449,0.219,-6.000,0.054,0,0,fn
s,-2.413,"[-4.059, -0.766]",1.646,-2.445,0.017,10.505,lm,75,471388275.449,0.219,-3.000,0.587,0,0,fn
k0,-0.261,"[-1.153, 0.632]",0.892,-0.487,0.628,10.505,lm,75,471388275.449,0.219,0.000,-0.261,0,0,fp
k1,-1.993,"[-3.659, -0.328]",1.666,-1.996,0.050,10.505,lm,75,471388275.449,0.219,0.000,-1.993,0,1,fp
k2,0.663,"[-0.535, 1.86]",1.197,0.923,0.359,10.505,lm,75,471388275.449,0.219,0.000,0.663,0,0,fp
k3,1.231,"[-0.03, 2.493]",1.262,1.628,0.108,10.505,lm,75,471388275.449,0.219,0.000,1.231,0,0,fp
k4,0.500,"[-0.384, 1.384]",0.884,0.944,0.349,10.505,lm,75,471388275.449,0.219,0.000,0.500,0,0,fp
k5,0.997,"[-0.072, 2.066]",1.069,1.556,0.124,10.505,lm,75,471388275.449,0.219,0.000,0.997,0,0,fp
vot,0.268,,,,,10.505,lm,75,471388275.449,0.219,0.167,0.101,0,0,fn
tt,-0.953,"[-1.273, -0.632]",0.321,-4.956,0.000,20.137,ngd+lm,75,134910379.791,0.117,-1.000,0.047,0,0,fn
c,-5.488,"[-7.244, -3.733]",1.756,-5.214,0.000,20.137,ngd+lm,75,134910379.791,0.117,-6.000,0.512,0,0,fn
s,-2.796,"[-3.907, -1.685]",1.111,-4.198,0.000,20.137,ngd+lm,75,134910379.791,0.117,-3.000,0.204,0,0,fn
k0,-0.199,"[-0.697, 0.298]",0.497,-0.669,0.506,20.137,ngd+lm,75,134910379.791,0.117,0.000,-0.199,0,0,fp
k1,-0.004,"[-0.446, 0.439]",0.442,-0.014,0.989,20.137,ngd+lm,75,134910379.791,0.117,0.000,-0.004,0,0,fp
k2,0.186,"[-0.252, 0.624]",0.438,0.707,0.482,20.137,ngd+lm,75,134910379.791,0.117,0.000,0.186,0,0,fp
k3,0.357,"[-0.147, 0.861]",0.504,1.182,0.241,20.137,ngd+lm,75,134910379.791,0.117,0.000,0.357,0,0,fp
k4,0.160,"[-0.242, 0.561]",0.402,0.664,0.509,20.137,ngd+lm,75,134910379.791,0.117,0.000,0.160,0,0,fp
k5,-0.217,"[-0.627, 0.192]",0.410,-0.886,0.379,20.137,ngd+lm,75,134910379.791,0.117,0.000,-0.217,0,0,fp
vot,0.174,,,,,20.137,ngd+lm,75,134910379.791,0.117,0.167,0.007,0,0,fn
tt,-0.709,"[-1.208, -0.21]",0.499,-2.371,0.021,9.827,ngd,76,349076734.578,0.200,-1.000,0.291,0,0,fn
c,-7.946,"[-12.264, -3.628]",4.318,-3.069,0.003,9.827,ngd,76,349076734.578,0.200,-6.000,-1.946,0,0,fn
s,-3.061,"[-4.824, -1.297]",1.764,-2.895,0.005,9.827,ngd,76,349076734.578,0.200,-3.000,-0.061,0,0,fn
k0,0.234,"[-0.654, 1.123]",0.889,0.440,0.662,9.827,ngd,76,349076734.578,0.200,0.000,0.234,0,0,fp
k1,-1.338,"[-2.74, 0.064]",1.402,-1.591,0.116,9.827,ngd,76,349076734.578,0.200,0.000,-1.338,0,0,fp
k2,1.141,"[0.106, 2.176]",1.035,1.839,0.070,9.827,ngd,76,349076734.578,0.200,0.000,1.141,0,1,fp
k3,0.084,"[-0.88, 1.047]",0.963,0.145,0.885,9.827,ngd,76,349076734.578,0.200,0.000,0.084,0,0,fp
k4,-0.746,"[-1.684, 0.191]",0.938,-1.327,0.189,9.827,ngd,76,349076734.578,0.200,0.000,-0.746,0,0,fp
k5,0.538,"[-0.435, 1.511]",0.973,0.923,0.360,9.827,ngd,76,349076734.578,0.200,0.000,0.538,0,0,fp
vot,0.089,,,,,9.827,ngd,76,349076734.578,0.200,0.167,-0.077,0,0,fn
tt,-1.240,"[-2.892, 0.412]",1.652,-1.252,0.215,10.292,lm,76,918163879.861,0.324,-1.000,-0.240,1,0,fn
c,-7.427,"[-18.025, 3.17]",10.597,-1.169,0.247,10.292,lm,76,918163879.861,0.324,-6.000,-1.427,1,0,fn
s,-2.896,"[-6.901, 1.108]",4.005,-1.206,0.232,10.292,lm,76,918163879.861,0.324,-3.000,0.104,1,0,fn
k0,1.234,"[-0.44, 2.909]",1.675,1.229,0.223,10.292,lm,76,918163879.861,0.324,0.000,1.234,0,0,fp
k1,-1.574,"[-5.658, 2.511]",4.085,-0.643,0.523,10.292,lm,76,918163879.861,0.324,0.000,-1.574,0,0,fp
k2,1.858,"[-0.827, 4.543]",2.685,1.154,0.252,10.292,lm,76,918163879.861,0.324,0.000,1.858,0,0,fp
k3,0.116,"[-1.686, 1.918]",1.802,0.107,0.915,10.292,lm,76,918163879.861,0.324,0.000,0.116,0,0,fp
k4,-1.455,"[-3.343, 0.434]",1.889,-1.285,0.203,10.292,lm,76,918163879.861,0.324,0.000,-1.455,0,0,fp
k5,1.677,"[-1.283, 4.636]",2.959,0.945,0.348,10.292,lm,76,918163879.861,0.324,0.000,1.677,0,0,fp
vot,0.167,,,,,10.292,lm,76,918163879.861,0.324,0.167,0.000,0,0,fn
tt,-0.892,"[-1.256, -0.529]",0.364,-4.091,0.000,20.347,ngd+lm,76,146491502.540,0.130,-1.000,0.108,0,0,fn
c,-6.737,"[-8.992, -4.483]",2.254,-4.984,0.000,20.347,ngd+lm,76,146491502.540,0.130,-6.000,-0.737,0,0,fn
s,-2.856,"[-4.117, -1.594]",1.261,-3.776,0.000,20.347,ngd+lm,76,146491502.540,0.130,-3.000,0.144,0,0,fn
k0,-0.143,"[-0.687, 0.4]",0.543,-0.440,0.661,20.347,ngd+lm,76,146491502.540,0.130,0.000,-0.143,0,0,fp
k1,-0.705,"[-1.452, 0.041]",0.746,-1.575,0.120,20.347,ngd+lm,76,146491502.540,0.130,0.000,-0.705,0,0,fp
k2,0.202,"[-0.315, 0.72]",0.517,0.651,0.517,20.347,ngd+lm,76,146491502.540,0.130,0.000,0.202,0,0,fp
k3,0.345,"[-0.166, 0.856]",0.511,1.126,0.264,20.347,ngd+lm,76,146491502.540,0.130,0.000,0.345,0,0,fp
k4,-0.344,"[-0.85, 0.162]",0.506,-1.133,0.261,20.347,ngd+lm,76,146491502.540,0.130,0.000,-0.344,0,0,fp
k5,-0.189,"[-0.791, 0.414]",0.602,-0.523,0.603,20.347,ngd+lm,76,146491502.540,0.130,0.000,-0.189,0,0,fp
vot,0.132,,,,,20.347,ngd+lm,76,146491502.540,0.130,0.167,-0.034,0,0,fn
tt,-0.794,"[-1.364, -0.224]",0.570,-2.323,0.023,9.897,ngd,77,365109692.443,0.189,-1.000,0.206,0,0,fn
c,-6.130,"[-10.644, -1.617]",4.514,-2.265,0.027,9.897,ngd,77,365109692.443,0.189,-6.000,-0.130,0,0,fn
s,-3.311,"[-5.595, -1.027]",2.284,-2.418,0.018,9.897,ngd,77,365109692.443,0.189,-3.000,-0.311,0,0,fn
k0,0.082,"[-0.99, 1.154]",1.072,0.128,0.899,9.897,ngd,77,365109692.443,0.189,0.000,0.082,0,0,fp
k1,1.229,"[-0.359, 2.817]",1.588,1.291,0.201,9.897,ngd,77,365109692.443,0.189,0.000,1.229,0,0,fp
k2,-1.026,"[-3.023, 0.971]",1.997,-0.857,0.394,9.897,ngd,77,365109692.443,0.189,0.000,-1.026,0,0,fp
k3,0.446,"[-1.157, 2.05]",1.604,0.464,0.644,9.897,ngd,77,365109692.443,0.189,0.000,0.446,0,0,fp
k4,-1.122,"[-2.429, 0.186]",1.307,-1.431,0.157,9.897,ngd,77,365109692.443,0.189,0.000,-1.122,0,0,fp
k5,-0.999,"[-2.467, 0.469]",1.468,-1.135,0.260,9.897,ngd,77,365109692.443,0.189,0.000,-0.999,0,0,fp
vot,0.130,,,,,9.897,ngd,77,365109692.443,0.189,0.167,-0.037,0,0,fn
tt,-1.298,"[-1.977, -0.618]",0.680,-3.185,0.002,10.782,lm,77,169868538.268,0.129,-1.000,-0.298,0,0,fn
c,-7.332,"[-11.326, -3.339]",3.993,-3.062,0.003,10.782,lm,77,169868538.268,0.129,-6.000,-1.332,0,0,fn
s,-3.836,"[-5.879, -1.793]",2.043,-3.132,0.003,10.782,lm,77,169868538.268,0.129,-3.000,-0.836,0,0,fn
k0,0.905,"[-0.312, 2.123]",1.217,1.240,0.219,10.782,lm,77,169868538.268,0.129,0.000,0.905,0,0,fp
k1,-0.470,"[-1.631, 0.691]",1.161,-0.675,0.502,10.782,lm,77,169868538.268,0.129,0.000,-0.470,0,0,fp
k2,1.474,"[-0.113, 3.06]",1.586,1.549,0.126,10.782,lm,77,169868538.268,0.129,0.000,1.474,0,0,fp
k3,-1.664,"[-3.572, 0.245]",1.908,-1.454,0.151,10.782,lm,77,169868538.268,0.129,0.000,-1.664,0,0,fp
k4,0.866,"[0.3, 1.432]",0.566,2.554,0.013,10.782,lm,77,169868538.268,0.129,0.000,0.866,0,1,fp
k5,-0.460,"[-1.269, 0.348]",0.808,-0.950,0.345,10.782,lm,77,169868538.268,0.129,0.000,-0.460,0,0,fp
vot,0.177,,,,,10.782,lm,77,169868538.268,0.129,0.167,0.010,0,0,fn
tt,-1.301,"[-1.984, -0.618]",0.683,-3.176,0.002,20.335,ngd+lm,77,169868276.017,0.129,-1.000,-0.301,0,0,fn
c,-7.349,"[-11.364, -3.334]",4.015,-3.053,0.003,20.335,ngd+lm,77,169868276.017,0.129,-6.000,-1.349,0,0,fn
s,-3.845,"[-5.898, -1.793]",2.053,-3.125,0.003,20.335,ngd+lm,77,169868276.017,0.129,-3.000,-0.845,0,0,fn
k0,0.907,"[-0.314, 2.128]",1.221,1.239,0.220,20.335,ngd+lm,77,169868276.017,0.129,0.000,0.907,0,0,fp
k1,-0.472,"[-1.637, 0.693]",1.165,-0.676,0.502,20.335,ngd+lm,77,169868276.017,0.129,0.000,-0.472,0,0,fp
k2,1.477,"[-0.116, 3.07]",1.593,1.547,0.127,20.335,ngd+lm,77,169868276.017,0.129,0.000,1.477,0,0,fp
k3,-1.668,"[-3.583, 0.248]",1.915,-1.452,0.151,20.335,ngd+lm,77,169868276.017,0.129,0.000,-1.668,0,0,fp
k4,0.868,"[0.301, 1.435]",0.567,2.554,0.013,20.335,ngd+lm,77,169868276.017,0.129,0.000,0.868,0,1,fp
k5,-0.462,"[-1.273, 0.35]",0.811,-0.949,0.346,20.335,ngd+lm,77,169868276.017,0.129,0.000,-0.462,0,0,fp
vot,0.177,,,,,20.335,ngd+lm,77,169868276.017,0.129,0.167,0.010,0,0,fn
tt,-0.568,"[-0.977, -0.16]",0.408,-2.321,0.023,10.053,ngd,78,426839518.904,0.215,-1.000,0.432,0,0,fn
c,-4.945,"[-8.102, -1.788]",3.157,-2.613,0.011,10.053,ngd,78,426839518.904,0.215,-6.000,1.055,0,0,fn
s,-2.524,"[-4.156, -0.892]",1.632,-2.580,0.012,10.053,ngd,78,426839518.904,0.215,-3.000,0.476,0,0,fn
k0,-1.424,"[-2.951, 0.102]",1.527,-1.556,0.124,10.053,ngd,78,426839518.904,0.215,0.000,-1.424,0,0,fp
k1,0.802,"[-0.047, 1.651]",0.849,1.576,0.120,10.053,ngd,78,426839518.904,0.215,0.000,0.802,0,0,fp
k2,-0.212,"[-0.978, 0.555]",0.767,-0.461,0.646,10.053,ngd,78,426839518.904,0.215,0.000,-0.212,0,0,fp
k3,0.673,"[-0.655, 2.0]",1.328,0.845,0.401,10.053,ngd,78,426839518.904,0.215,0.000,0.673,0,0,fp
k4,-0.989,"[-2.293, 0.315]",1.304,-1.265,0.210,10.053,ngd,78,426839518.904,0.215,0.000,-0.989,0,0,fp
k5,0.517,"[-0.471, 1.505]",0.988,0.872,0.386,10.053,ngd,78,426839518.904,0.215,0.000,0.517,0,0,fp
vot,0.115,,,,,10.053,ngd,78,426839518.904,0.215,0.167,-0.052,0,0,fn
tt,0.997,"[-0.988, 2.983]",1.985,0.838,0.405,10.489,lm,78,6323018295.435,0.826,-1.000,1.997,1,0,fn
c,-4.876,"[-13.672, 3.919]",8.795,-0.925,0.358,10.489,lm,78,6323018295.435,0.826,-6.000,1.124,1,0,fn
s,-1.716,"[-5.331, 1.898]",3.614,-0.792,0.431,10.489,lm,78,6323018295.435,0.826,-3.000,1.284,1,0,fn
k0,-1.545,"[-6.554, 3.465]",5.009,-0.514,0.609,10.489,lm,78,6323018295.435,0.826,0.000,-1.545,0,0,fp
k1,1.213,"[-2.612, 5.038]",3.825,0.529,0.599,10.489,lm,78,6323018295.435,0.826,0.000,1.213,0,0,fp
k2,-0.142,"[-2.874, 2.591]",2.733,-0.086,0.931,10.489,lm,78,6323018295.435,0.826,0.000,-0.142,0,0,fp
k3,1.347,"[-2.68, 5.374]",4.027,0.558,0.579,10.489,lm,78,6323018295.435,0.826,0.000,1.347,0,0,fp
k4,-0.795,"[-6.116, 4.525]",5.321,-0.249,0.804,10.489,lm,78,6323018295.435,0.826,0.000,-0.795,0,0,fp
k5,0.620,"[-3.579, 4.819]",4.199,0.246,0.806,10.489,lm,78,6323018295.435,0.826,0.000,0.620,0,0,fp
vot,-0.205,,,,,10.489,lm,78,6323018295.435,0.826,0.167,-0.371,0,0,fn
tt,-1.130,"[-1.531, -0.729]",0.401,-4.704,0.000,20.744,ngd+lm,78,155211533.721,0.129,-1.000,-0.130,0,0,fn
c,-6.432,"[-8.616, -4.249]",2.183,-4.914,0.000,20.744,ngd+lm,78,155211533.721,0.129,-6.000,-0.432,0,0,fn
s,-3.331,"[-4.555, -2.107]",1.224,-4.540,0.000,20.744,ngd+lm,78,155211533.721,0.129,-3.000,-0.331,0,0,fn
k0,-0.162,"[-0.782, 0.458]",0.620,-0.436,0.664,20.744,ngd+lm,78,155211533.721,0.129,0.000,-0.162,0,0,fp
k1,0.313,"[-0.227, 0.853]",0.540,0.967,0.337,20.744,ngd+lm,78,155211533.721,0.129,0.000,0.313,0,0,fp
k2,0.305,"[-0.14, 0.75]",0.445,1.143,0.257,20.744,ngd+lm,78,155211533.721,0.129,0.000,0.305,0,0,fp
k3,0.111,"[-0.655, 0.877]",0.766,0.242,0.810,20.744,ngd+lm,78,155211533.721,0.129,0.000,0.111,0,0,fp
k4,-0.187,"[-0.911, 0.537]",0.724,-0.430,0.668,20.744,ngd+lm,78,155211533.721,0.129,0.000,-0.187,0,0,fp
k5,0.261,"[-0.382, 0.905]",0.643,0.678,0.500,20.744,ngd+lm,78,155211533.721,0.129,0.000,0.261,0,0,fp
vot,0.176,,,,,20.744,ngd+lm,78,155211533.721,0.129,0.167,0.009,0,0,fn
tt,-1.384,"[-2.199, -0.569]",0.815,-2.833,0.006,9.849,ngd,79,256696378.298,0.161,-1.000,-0.384,0,0,fn
c,-8.709,"[-13.81, -3.609]",5.101,-2.848,0.006,9.849,ngd,79,256696378.298,0.161,-6.000,-2.709,0,0,fn
s,-4.249,"[-7.362, -1.137]",3.112,-2.277,0.026,9.849,ngd,79,256696378.298,0.161,-3.000,-1.249,0,0,fn
k0,0.522,"[-0.731, 1.775]",1.253,0.695,0.490,9.849,ngd,79,256696378.298,0.161,0.000,0.522,0,0,fp
k1,0.021,"[-1.048, 1.089]",1.068,0.032,0.974,9.849,ngd,79,256696378.298,0.161,0.000,0.021,0,0,fp
k2,-0.518,"[-1.288, 0.253]",0.771,-1.120,0.267,9.849,ngd,79,256696378.298,0.161,0.000,-0.518,0,0,fp
k3,0.423,"[-0.876, 1.722]",1.299,0.543,0.589,9.849,ngd,79,256696378.298,0.161,0.000,0.423,0,0,fp
k4,0.367,"[-0.279, 1.014]",0.646,0.948,0.346,9.849,ngd,79,256696378.298,0.161,0.000,0.367,0,0,fp
k5,-0.331,"[-1.32, 0.659]",0.989,-0.557,0.579,9.849,ngd,79,256696378.298,0.161,0.000,-0.331,0,0,fp
vot,0.159,,,,,9.849,ngd,79,256696378.298,0.161,0.167,-0.008,0,0,fn
tt,-0.989,"[-1.389, -0.589]",0.400,-4.122,0.000,10.463,lm,79,198054926.984,0.141,-1.000,0.011,0,0,fn
c,-5.538,"[-7.795, -3.281]",2.257,-4.092,0.000,10.463,lm,79,198054926.984,0.141,-6.000,0.462,0,0,fn
s,-2.140,"[-3.11, -1.17]",0.970,-3.681,0.000,10.463,lm,79,198054926.984,0.141,-3.000,0.860,0,0,fn
k0,0.920,"[-0.148, 1.989]",1.069,1.436,0.156,10.463,lm,79,198054926.984,0.141,0.000,0.920,0,0,fp
k1,-0.616,"[-1.273, 0.042]",0.658,-1.562,0.123,10.463,lm,79,198054926.984,0.141,0.000,-0.616,0,0,fp
k2,0.140,"[-0.306, 0.585]",0.446,0.523,0.603,10.463,lm,79,198054926.984,0.141,0.000,0.140,0,0,fp
k3,0.353,"[-0.387, 1.092]",0.739,0.796,0.429,10.463,lm,79,198054926.984,0.141,0.000,0.353,0,0,fp
k4,0.174,"[-0.21, 0.558]",0.384,0.756,0.452,10.463,lm,79,198054926.984,0.141,0.000,0.174,0,0,fp
k5,-0.305,"[-0.931, 0.32]",0.626,-0.814,0.419,10.463,lm,79,198054926.984,0.141,0.000,-0.305,0,0,fp
vot,0.179,,,,,10.463,lm,79,198054926.984,0.141,0.167,0.012,0,0,fn
tt,-1.285,"[-1.871, -0.698]",0.587,-3.653,0.001,20.695,ngd+lm,79,194986604.398,0.140,-1.000,-0.285,0,0,fn
c,-7.438,"[-10.895, -3.981]",3.457,-3.589,0.001,20.695,ngd+lm,79,194986604.398,0.140,-6.000,-1.438,0,0,fn
s,-3.250,"[-5.133, -1.367]",1.883,-2.879,0.005,20.695,ngd+lm,79,194986604.398,0.140,-3.000,-0.250,0,0,fn
k0,0.641,"[-0.737, 2.02]",1.379,0.776,0.441,20.695,ngd+lm,79,194986604.398,0.140,0.000,0.641,0,0,fp
k1,-0.806,"[-1.699, 0.087]",0.893,-1.505,0.137,20.695,ngd+lm,79,194986604.398,0.140,0.000,-0.806,0,0,fp
k2,0.334,"[-0.268, 0.937]",0.602,0.926,0.358,20.695,ngd+lm,79,194986604.398,0.140,0.000,0.334,0,0,fp
k3,-0.055,"[-1.228, 1.117]",1.172,-0.079,0.937,20.695,ngd+lm,79,194986604.398,0.140,0.000,-0.055,0,0,fp
k4,-0.134,"[-0.712, 0.444]",0.578,-0.387,0.700,20.695,ngd+lm,79,194986604.398,0.140,0.000,-0.134,0,0,fp
k5,-0.210,"[-1.039, 0.619]",0.829,-0.422,0.674,20.695,ngd+lm,79,194986604.398,0.140,0.000,-0.210,0,0,fp
vot,0.173,,,,,20.695,ngd+lm,79,194986604.398,0.140,0.167,0.006,0,0,fn
tt,-0.948,"[-1.701, -0.194]",0.754,-2.097,0.040,9.860,ngd,80,392838699.615,0.201,-1.000,0.052,0,0,fn
c,-7.766,"[-13.558, -1.973]",5.793,-2.236,0.029,9.860,ngd,80,392838699.615,0.201,-6.000,-1.766,0,0,fn
s,-3.783,"[-6.44, -1.127]",2.657,-2.375,0.020,9.860,ngd,80,392838699.615,0.201,-3.000,-0.783,0,0,fn
k0,-0.841,"[-2.46, 0.779]",1.620,-0.866,0.390,9.860,ngd,80,392838699.615,0.201,0.000,-0.841,0,0,fp
k1,0.397,"[-1.228, 2.021]",1.625,0.407,0.685,9.860,ngd,80,392838699.615,0.201,0.000,0.397,0,0,fp
k2,-0.819,"[-2.14, 0.502]",1.321,-1.034,0.305,9.860,ngd,80,392838699.615,0.201,0.000,-0.819,0,0,fp
k3,0.186,"[-1.485, 1.857]",1.671,0.186,0.853,9.860,ngd,80,392838699.615,0.201,0.000,0.186,0,0,fp
k4,-0.998,"[-2.464, 0.468]",1.466,-1.136,0.260,9.860,ngd,80,392838699.615,0.201,0.000,-0.998,0,0,fp
k5,-0.775,"[-2.175, 0.625]",1.400,-0.923,0.359,9.860,ngd,80,392838699.615,0.201,0.000,-0.775,0,0,fp
vot,0.122,,,,,9.860,ngd,80,392838699.615,0.201,0.167,-0.045,0,0,fn
tt,0.362,"[-0.436, 1.159]",0.798,0.756,0.452,10.424,lm,80,2314692108.328,0.487,-1.000,1.362,1,0,fn
c,-7.902,"[-26.801, 10.996]",18.898,-0.697,0.488,10.424,lm,80,2314692108.328,0.487,-6.000,-1.902,1,0,fn
s,-2.526,"[-8.211, 3.159]",5.685,-0.741,0.461,10.424,lm,80,2314692108.328,0.487,-3.000,0.474,1,0,fn
k0,-1.592,"[-6.716, 3.531]",5.123,-0.518,0.606,10.424,lm,80,2314692108.328,0.487,0.000,-1.592,0,0,fp
k1,-0.257,"[-6.44, 5.926]",6.183,-0.069,0.945,10.424,lm,80,2314692108.328,0.487,0.000,-0.257,0,0,fp
k2,-1.481,"[-7.019, 4.056]",5.538,-0.446,0.657,10.424,lm,80,2314692108.328,0.487,0.000,-1.481,0,0,fp
k3,0.440,"[-5.086, 5.967]",5.527,0.133,0.895,10.424,lm,80,2314692108.328,0.487,0.000,0.440,0,0,fp
k4,-1.304,"[-6.674, 4.065]",5.369,-0.405,0.687,10.424,lm,80,2314692108.328,0.487,0.000,-1.304,0,0,fp
k5,-1.844,"[-7.246, 3.557]",5.401,-0.569,0.571,10.424,lm,80,2314692108.328,0.487,0.000,-1.844,0,0,fp
vot,-0.046,,,,,10.424,lm,80,2314692108.328,0.487,0.167,-0.212,0,0,fn
tt,-0.880,"[-1.284, -0.477]",0.404,-3.637,0.001,20.340,ngd+lm,80,140309395.414,0.120,-1.000,0.120,0,0,fn
c,-5.603,"[-8.015, -3.191]",2.412,-3.874,0.000,20.340,ngd+lm,80,140309395.414,0.120,-6.000,0.397,0,0,fn
s,-2.505,"[-3.539, -1.47]",1.035,-4.038,0.000,20.340,ngd+lm,80,140309395.414,0.120,-3.000,0.495,0,0,fn
k0,0.731,"[0.003, 1.459]",0.728,1.676,0.098,20.340,ngd+lm,80,140309395.414,0.120,0.000,0.731,0,1,fp
k1,-0.107,"[-0.819, 0.605]",0.712,-0.250,0.803,20.340,ngd+lm,80,140309395.414,0.120,0.000,-0.107,0,0,fp
k2,-0.203,"[-0.645, 0.238]",0.441,-0.769,0.444,20.340,ngd+lm,80,140309395.414,0.120,0.000,-0.203,0,0,fp
k3,0.228,"[-0.433, 0.89]",0.661,0.576,0.567,20.340,ngd+lm,80,140309395.414,0.120,0.000,0.228,0,0,fp
k4,-0.310,"[-0.863, 0.243]",0.553,-0.936,0.353,20.340,ngd+lm,80,140309395.414,0.120,0.000,-0.310,0,0,fp
k5,0.645,"[0.138, 1.152]",0.507,2.122,0.038,20.340,ngd+lm,80,140309395.414,0.120,0.000,0.645,0,1,fp
vot,0.157,,,,,20.340,ngd+lm,80,140309395.414,0.120,0.167,-0.010,0,0,fn
tt,-1.202,"[-1.901, -0.502]",0.700,-2.865,0.006,9.943,ngd,81,344304793.961,0.193,-1.000,-0.202,0,0,fn
c,-6.807,"[-10.73, -2.884]",3.923,-2.894,0.005,9.943,ngd,81,344304793.961,0.193,-6.000,-0.807,0,0,fn
s,-2.550,"[-4.06, -1.04]",1.510,-2.817,0.006,9.943,ngd,81,344304793.961,0.193,-3.000,0.450,0,0,fn
k0,-1.751,"[-2.989, -0.514]",1.238,-2.360,0.021,9.943,ngd,81,344304793.961,0.193,0.000,-1.751,0,1,fp
k1,0.209,"[-0.386, 0.805]",0.595,0.586,0.560,9.943,ngd,81,344304793.961,0.193,0.000,0.209,0,0,fp
k2,-0.149,"[-0.876, 0.577]",0.727,-0.343,0.733,9.943,ngd,81,344304793.961,0.193,0.000,-0.149,0,0,fp
k3,-0.428,"[-1.136, 0.28]",0.708,-1.009,0.317,9.943,ngd,81,344304793.961,0.193,0.000,-0.428,0,0,fp
k4,-0.542,"[-1.181, 0.097]",0.639,-1.415,0.162,9.943,ngd,81,344304793.961,0.193,0.000,-0.542,0,0,fp
k5,0.513,"[-0.149, 1.175]",0.662,1.291,0.201,9.943,ngd,81,344304793.961,0.193,0.000,0.513,0,0,fp
vot,0.177,,,,,9.943,ngd,81,344304793.961,0.193,0.167,0.010,0,0,fn
tt,-0.922,"[-1.251, -0.592]",0.329,-4.666,0.000,10.688,lm,81,158159088.728,0.131,-1.000,0.078,0,0,fn
c,-5.498,"[-7.38, -3.616]",1.882,-4.872,0.000,10.688,lm,81,158159088.728,0.131,-6.000,0.502,0,0,fn
s,-2.750,"[-3.657, -1.843]",0.907,-5.058,0.000,10.688,lm,81,158159088.728,0.131,-3.000,0.250,0,0,fn
k0,0.276,"[-0.242, 0.795]",0.518,0.889,0.377,10.688,lm,81,158159088.728,0.131,0.000,0.276,0,0,fp
k1,-0.150,"[-0.502, 0.203]",0.353,-0.709,0.481,10.688,lm,81,158159088.728,0.131,0.000,-0.150,0,0,fp
k2,-0.031,"[-0.465, 0.403]",0.434,-0.119,0.905,10.688,lm,81,158159088.728,0.131,0.000,-0.031,0,0,fp
k3,-0.005,"[-0.395, 0.384]",0.390,-0.023,0.982,10.688,lm,81,158159088.728,0.131,0.000,-0.005,0,0,fp
k4,-0.058,"[-0.494, 0.378]",0.436,-0.223,0.824,10.688,lm,81,158159088.728,0.131,0.000,-0.058,0,0,fp
k5,-0.252,"[-0.672, 0.169]",0.420,-0.999,0.321,10.688,lm,81,158159088.728,0.131,0.000,-0.252,0,0,fp
vot,0.168,,,,,10.688,lm,81,158159088.728,0.131,0.167,0.001,0,0,fn
tt,-0.922,"[-1.251, -0.592]",0.329,-4.666,0.000,20.367,ngd+lm,81,158159088.723,0.131,-1.000,0.078,0,0,fn
c,-5.498,"[-7.381, -3.616]",1.882,-4.872,0.000,20.367,ngd+lm,81,158159088.723,0.131,-6.000,0.502,0,0,fn
s,-2.750,"[-3.657, -1.843]",0.907,-5.058,0.000,20.367,ngd+lm,81,158159088.723,0.131,-3.000,0.250,0,0,fn
k0,0.276,"[-0.242, 0.795]",0.518,0.889,0.377,20.367,ngd+lm,81,158159088.723,0.131,0.000,0.276,0,0,fp
k1,-0.150,"[-0.502, 0.203]",0.353,-0.709,0.481,20.367,ngd+lm,81,158159088.723,0.131,0.000,-0.150,0,0,fp
k2,-0.031,"[-0.465, 0.403]",0.434,-0.120,0.905,20.367,ngd+lm,81,158159088.723,0.131,0.000,-0.031,0,0,fp
k3,-0.005,"[-0.395, 0.384]",0.390,-0.023,0.982,20.367,ngd+lm,81,158159088.723,0.131,0.000,-0.005,0,0,fp
k4,-0.058,"[-0.494, 0.378]",0.436,-0.223,0.824,20.367,ngd+lm,81,158159088.723,0.131,0.000,-0.058,0,0,fp
k5,-0.252,"[-0.672, 0.169]",0.420,-0.999,0.321,20.367,ngd+lm,81,158159088.723,0.131,0.000,-0.252,0,0,fp
vot,0.168,,,,,20.367,ngd+lm,81,158159088.723,0.131,0.167,0.001,0,0,fn
tt,-1.404,"[-2.302, -0.506]",0.898,-2.608,0.011,9.875,ngd,82,338000866.503,0.188,-1.000,-0.404,0,0,fn
c,-6.023,"[-10.103, -1.944]",4.079,-2.463,0.016,9.875,ngd,82,338000866.503,0.188,-6.000,-0.023,0,0,fn
s,-3.661,"[-5.921, -1.402]",2.259,-2.703,0.009,9.875,ngd,82,338000866.503,0.188,-3.000,-0.661,0,0,fn
k0,0.723,"[-0.339, 1.785]",1.062,1.136,0.260,9.875,ngd,82,338000866.503,0.188,0.000,0.723,0,0,fp
k1,-0.550,"[-1.732, 0.632]",1.182,-0.776,0.441,9.875,ngd,82,338000866.503,0.188,0.000,-0.550,0,0,fp
k2,-0.066,"[-0.916, 0.783]",0.850,-0.130,0.897,9.875,ngd,82,338000866.503,0.188,0.000,-0.066,0,0,fp
k3,-0.647,"[-1.934, 0.64]",1.287,-0.838,0.405,9.875,ngd,82,338000866.503,0.188,0.000,-0.647,0,0,fp
k4,-0.652,"[-1.354, 0.05]",0.702,-1.549,0.126,9.875,ngd,82,338000866.503,0.188,0.000,-0.652,0,0,fp
k5,-0.247,"[-1.284, 0.79]",1.037,-0.397,0.692,9.875,ngd,82,338000866.503,0.188,0.000,-0.247,0,0,fp
vot,0.233,,,,,9.875,ngd,82,338000866.503,0.188,0.167,0.066,0,0,fn
tt,-2.239,"[-4.986, 0.509]",2.747,-1.359,0.179,10.440,lm,82,1113308624.584,0.342,-1.000,-1.239,1,0,fn
c,-5.499,"[-12.495, 1.496]",6.995,-1.311,0.194,10.440,lm,82,1113308624.584,0.342,-6.000,0.501,1,0,fn
s,-3.838,"[-9.326, 1.649]",5.487,-1.167,0.247,10.440,lm,82,1113308624.584,0.342,-3.000,-0.838,1,0,fn
k0,0.528,"[-2.125, 3.182]",2.654,0.332,0.741,10.440,lm,82,1113308624.584,0.342,0.000,0.528,0,0,fp
k1,-0.823,"[-4.298, 2.652]",3.475,-0.395,0.694,10.440,lm,82,1113308624.584,0.342,0.000,-0.823,0,0,fp
k2,0.007,"[-1.841, 1.854]",1.847,0.006,0.995,10.440,lm,82,1113308624.584,0.342,0.000,0.007,0,0,fp
k3,-0.823,"[-4.047, 2.402]",3.224,-0.426,0.672,10.440,lm,82,1113308624.584,0.342,0.000,-0.823,0,0,fp
k4,-1.183,"[-3.56, 1.195]",2.377,-0.830,0.410,10.440,lm,82,1113308624.584,0.342,0.000,-1.183,0,0,fp
k5,-0.053,"[-2.622, 2.515]",2.568,-0.035,0.972,10.440,lm,82,1113308624.584,0.342,0.000,-0.053,0,0,fp
vot,0.407,,,,,10.440,lm,82,1113308624.584,0.342,0.167,0.240,0,0,fn
tt,-1.000,"[-1.551, -0.448]",0.551,-3.025,0.004,20.224,ngd+lm,82,231563955.853,0.156,-1.000,0.000,0,0,fn
c,-6.099,"[-9.271, -2.927]",3.172,-3.207,0.002,20.224,ngd+lm,82,231563955.853,0.156,-6.000,-0.099,0,0,fn
s,-2.785,"[-4.23, -1.339]",1.445,-3.213,0.002,20.224,ngd+lm,82,231563955.853,0.156,-3.000,0.215,0,0,fn
k0,0.242,"[-0.436, 0.92]",0.678,0.595,0.554,20.224,ngd+lm,82,231563955.853,0.156,0.000,0.242,0,0,fp
k1,-0.102,"[-0.915, 0.71]",0.812,-0.210,0.834,20.224,ngd+lm,82,231563955.853,0.156,0.000,-0.102,0,0,fp
k2,-0.393,"[-1.099, 0.312]",0.705,-0.930,0.356,20.224,ngd+lm,82,231563955.853,0.156,0.000,-0.393,0,0,fp
k3,0.057,"[-0.931, 1.045]",0.988,0.097,0.923,20.224,ngd+lm,82,231563955.853,0.156,0.000,0.057,0,0,fp
k4,-0.321,"[-0.794, 0.151]",0.473,-1.134,0.261,20.224,ngd+lm,82,231563955.853,0.156,0.000,-0.321,0,0,fp
k5,-0.188,"[-0.831, 0.454]",0.642,-0.490,0.626,20.224,ngd+lm,82,231563955.853,0.156,0.000,-0.188,0,0,fp
vot,0.164,,,,,20.224,ngd+lm,82,231563955.853,0.156,0.167,-0.003,0,0,fn
tt,-1.299,"[-2.015, -0.583]",0.716,-3.027,0.004,10.330,ngd,83,194812517.931,0.145,-1.000,-0.299,0,0,fn
c,-7.716,"[-11.623, -3.81]",3.906,-3.295,0.002,10.330,ngd,83,194812517.931,0.145,-6.000,-1.716,0,0,fn
s,-2.712,"[-4.272, -1.152]",1.560,-2.900,0.005,10.330,ngd,83,194812517.931,0.145,-3.000,0.288,0,0,fn
k0,0.625,"[-0.371, 1.621]",0.996,1.047,0.299,10.330,ngd,83,194812517.931,0.145,0.000,0.625,0,0,fp
k1,-0.495,"[-1.262, 0.271]",0.766,-1.078,0.285,10.330,ngd,83,194812517.931,0.145,0.000,-0.495,0,0,fp
k2,-0.501,"[-1.301, 0.298]",0.800,-1.046,0.300,10.330,ngd,83,194812517.931,0.145,0.000,-0.501,0,0,fp
k3,-0.970,"[-2.344, 0.404]",1.374,-1.178,0.243,10.330,ngd,83,194812517.931,0.145,0.000,-0.970,0,0,fp
k4,-0.576,"[-1.427, 0.275]",0.851,-1.129,0.263,10.330,ngd,83,194812517.931,0.145,0.000,-0.576,0,0,fp
k5,0.684,"[-0.401, 1.769]",1.085,1.052,0.297,10.330,ngd,83,194812517.931,0.145,0.000,0.684,0,0,fp
vot,0.168,,,,,10.330,ngd,83,194812517.931,0.145,0.167,0.002,0,0,fn
tt,-1.103,"[-1.637, -0.569]",0.534,-3.444,0.001,10.327,lm,83,116628744.054,0.112,-1.000,-0.103,0,0,fn
c,-6.421,"[-9.051, -3.79]",2.630,-4.071,0.000,10.327,lm,83,116628744.054,0.112,-6.000,-0.421,0,0,fn
s,-3.559,"[-5.25, -1.867]",1.692,-3.508,0.001,10.327,lm,83,116628744.054,0.112,-3.000,-0.559,0,0,fn
k0,0.852,"[0.186, 1.518]",0.666,2.135,0.036,10.327,lm,83,116628744.054,0.112,0.000,0.852,0,1,fp
k1,-0.530,"[-1.005, -0.054]",0.475,-1.859,0.067,10.327,lm,83,116628744.054,0.112,0.000,-0.530,0,1,fp
k2,-0.009,"[-0.555, 0.538]",0.546,-0.026,0.979,10.327,lm,83,116628744.054,0.112,0.000,-0.009,0,0,fp
k3,-0.358,"[-1.165, 0.45]",0.807,-0.739,0.463,10.327,lm,83,116628744.054,0.112,0.000,-0.358,0,0,fp
k4,-0.147,"[-0.691, 0.397]",0.544,-0.451,0.654,10.327,lm,83,116628744.054,0.112,0.000,-0.147,0,0,fp
k5,0.806,"[-0.119, 1.731]",0.925,1.453,0.151,10.327,lm,83,116628744.054,0.112,0.000,0.806,0,0,fp
vot,0.172,,,,,10.327,lm,83,116628744.054,0.112,0.167,0.005,0,0,fn
tt,-1.103,"[-1.637, -0.569]",0.534,-3.444,0.001,20.869,ngd+lm,83,116628743.803,0.112,-1.000,-0.103,0,0,fn
c,-6.421,"[-9.052, -3.791]",2.631,-4.071,0.000,20.869,ngd+lm,83,116628743.803,0.112,-6.000,-0.421,0,0,fn
s,-3.559,"[-5.251, -1.867]",1.692,-3.508,0.001,20.869,ngd+lm,83,116628743.803,0.112,-3.000,-0.559,0,0,fn
k0,0.852,"[0.186, 1.519]",0.666,2.135,0.036,20.869,ngd+lm,83,116628743.803,0.112,0.000,0.852,0,1,fp
k1,-0.530,"[-1.005, -0.054]",0.476,-1.859,0.067,20.869,ngd+lm,83,116628743.803,0.112,0.000,-0.530,0,1,fp
k2,-0.009,"[-0.555, 0.538]",0.546,-0.026,0.979,20.869,ngd+lm,83,116628743.803,0.112,0.000,-0.009,0,0,fp
k3,-0.358,"[-1.165, 0.45]",0.807,-0.739,0.463,20.869,ngd+lm,83,116628743.803,0.112,0.000,-0.358,0,0,fp
k4,-0.147,"[-0.691, 0.397]",0.544,-0.451,0.654,20.869,ngd+lm,83,116628743.803,0.112,0.000,-0.147,0,0,fp
k5,0.806,"[-0.119, 1.731]",0.925,1.453,0.151,20.869,ngd+lm,83,116628743.803,0.112,0.000,0.806,0,0,fp
vot,0.172,,,,,20.869,ngd+lm,83,116628743.803,0.112,0.167,0.005,0,0,fn
